0 0.618896484375 0.4384765625 0.01318359375 0.06640625
0 0.593505859375 0.44580078125 0.00634765625 0.0322265625
0 0.494384765625 0.43896484375 0.01025390625 0.0498046875
0 0.486572265625 0.443359375 0.01220703125 0.060546875
0 0.481201171875 0.4404296875 0.01416015625 0.0703125
0 0.50634765625 0.4404296875 0.0146484375 0.072265625
0 0.521240234375 0.48583984375 0.04443359375 0.2177734375
0 0.42236328125 0.48681640625 0.041015625 0.2041015625
0 0.586669921875 0.443359375 0.00732421875 0.0390625
0 0.60009765625 0.4404296875 0.01171875 0.05859375
