0 0.422607421875 0.49365234375 0.02197265625 0.1103515625
0 0.911376953125 0.501953125 0.02490234375 0.12109375
0 0.9501953125 0.50146484375 0.021484375 0.1064453125
0 0.477783203125 0.49560546875 0.01123046875 0.0556640625
0 0.9443359375 0.50634765625 0.0205078125 0.1005859375
0 0.9677734375 0.5048828125 0.0205078125 0.1015625
0 0.990478515625 0.5078125 0.01806640625 0.09375
0 0.465576171875 0.48974609375 0.01513671875 0.0751953125
0 0.16796875 0.484375 0.01171875 0.05859375
0 0.2421875 0.48681640625 0.0087890625 0.0439453125
