0 0.323486328125 0.40380859375 0.00439453125 0.0224609375
0 0.31591796875 0.40771484375 0.0068359375 0.0361328125
0 0.3212890625 0.41015625 0.0068359375 0.033203125
0 0.300048828125 0.4169921875 0.00927734375 0.044921875
0 0.27783203125 0.42724609375 0.009765625 0.0478515625
0 0.200439453125 0.44580078125 0.02587890625 0.1279296875
0 0.20947265625 0.45263671875 0.0224609375 0.1103515625
0 0.00439453125 0.44580078125 0.0087890625 0.0849609375
0 0.505126953125 0.4169921875 0.00830078125 0.041015625
0 0.65625 0.44873046875 0.025390625 0.1240234375
0 0.327880859375 0.40625 0.00537109375 0.02734375
