0 0.728759765625 0.4609375 0.00732421875 0.037109375
0 0.73828125 0.46630859375 0.005859375 0.0283203125
0 0.7451171875 0.4677734375 0.0048828125 0.025390625
0 0.750244140625 0.466796875 0.00439453125 0.0234375
0 0.7568359375 0.4638671875 0.0048828125 0.025390625
0 0.81787109375 0.48876953125 0.0283203125 0.1396484375
0 0.851806640625 0.4853515625 0.02490234375 0.125
0 0.806884765625 0.4970703125 0.04052734375 0.19921875
0 0.834228515625 0.494140625 0.04248046875 0.208984375
0 0.78515625 0.51953125 0.0703125 0.345703125
0 0.7705078125 0.54052734375 0.0732421875 0.3583984375
0 0.871826171875 0.5341796875 0.07568359375 0.37109375
0 0.9384765625 0.50830078125 0.0390625 0.1923828125
0 0.979248046875 0.49951171875 0.04052734375 0.2294921875
0 0.473876953125 0.47607421875 0.02490234375 0.1220703125
0 0.32470703125 0.47900390625 0.03125 0.1533203125
0 0.33251953125 0.482421875 0.0302734375 0.150390625
0 0.298583984375 0.47314453125 0.03466796875 0.1708984375
