0 0.541748046875 0.41357421875 0.00732421875 0.0361328125
0 0.554931640625 0.43017578125 0.01025390625 0.0517578125
0 0.559326171875 0.43115234375 0.01123046875 0.0556640625
0 0.5673828125 0.41845703125 0.0068359375 0.0341796875
0 0.6015625 0.419921875 0.0068359375 0.03515625
0 0.61669921875 0.43359375 0.0107421875 0.0546875
0 0.732666015625 0.4375 0.01806640625 0.087890625
0 0.434814453125 0.4287109375 0.01904296875 0.091796875
0 0.414306640625 0.43603515625 0.01708984375 0.0849609375
0 0.3984375 0.4365234375 0.017578125 0.087890625
0 0.523193359375 0.43994140625 0.01416015625 0.0693359375
0 0.07177734375 0.44091796875 0.046875 0.2314453125
