0 0.120849609375 0.4423828125 0.00830078125 0.04296875
0 0.129150390625 0.43115234375 0.01416015625 0.0712890625
0 0.10693359375 0.43359375 0.013671875 0.068359375
0 0.296630859375 0.435546875 0.01513671875 0.076171875
0 0.137939453125 0.43408203125 0.01318359375 0.0673828125
0 0.3125 0.43310546875 0.015625 0.0791015625
0 0.32470703125 0.43212890625 0.015625 0.0791015625
0 0.48291015625 0.43310546875 0.0244140625 0.1201171875
0 0.50390625 0.4345703125 0.0234375 0.115234375
0 0.074951171875 0.4326171875 0.01416015625 0.0703125
0 0.76611328125 0.43603515625 0.0419921875 0.2060546875
