0 0.43603515625 0.353515625 0.0107421875 0.0546875
0 0.429443359375 0.3583984375 0.01220703125 0.05859375
0 0.291748046875 0.37646484375 0.01513671875 0.0751953125
0 0.27392578125 0.376953125 0.015625 0.076171875
0 0.212890625 0.3974609375 0.0244140625 0.12109375
0 0.188232421875 0.40185546875 0.02197265625 0.1083984375
0 0.108642578125 0.376953125 0.02490234375 0.123046875
0 0.041748046875 0.42333984375 0.04345703125 0.2138671875
0 0.07763671875 0.40966796875 0.05078125 0.2509765625
0 0.14697265625 0.49609375 0.08984375 0.439453125
0 0.25 0.5029296875 0.083984375 0.412109375
0 0.3310546875 0.47607421875 0.08203125 0.4013671875
