0 0.499755859375 0.41259765625 0.00634765625 0.0302734375
0 0.4287109375 0.4228515625 0.005859375 0.029296875
0 0.44091796875 0.41845703125 0.005859375 0.0302734375
0 0.43505859375 0.419921875 0.0068359375 0.03515625
0 0.4443359375 0.41748046875 0.0078125 0.0400390625
0 0.3466796875 0.427734375 0.00390625 0.021484375
0 0.296630859375 0.421875 0.00439453125 0.0234375
0 0.49560546875 0.4130859375 0.005859375 0.03125
0 0.505126953125 0.4130859375 0.00634765625 0.03125
0 0.508544921875 0.41064453125 0.00634765625 0.0322265625
0 0.511962890625 0.41259765625 0.00732421875 0.0361328125
0 0.5234375 0.41552734375 0.0078125 0.0400390625
0 0.519287109375 0.41455078125 0.00830078125 0.0419921875
0 0.57861328125 0.4091796875 0.013671875 0.068359375
0 0.5859375 0.4169921875 0.017578125 0.087890625
0 0.600341796875 0.41162109375 0.01904296875 0.0927734375
0 0.63427734375 0.431640625 0.03125 0.154296875
0 0.632080078125 0.439453125 0.02978515625 0.14453125
0 0.634765625 0.4326171875 0.03515625 0.171875
0 0.68505859375 0.4345703125 0.03125 0.154296875
0 0.677978515625 0.43505859375 0.03173828125 0.1552734375
0 0.66796875 0.43408203125 0.0302734375 0.1494140625
0 0.562744140625 0.416015625 0.01416015625 0.0703125
0 0.650390625 0.435546875 0.0361328125 0.177734375
0 0.708740234375 0.4306640625 0.03076171875 0.150390625
0 0.755615234375 0.42724609375 0.03662109375 0.1806640625
0 0.728271484375 0.42724609375 0.03857421875 0.1884765625
0 0.7822265625 0.43359375 0.03515625 0.171875
0 0.256103515625 0.4296875 0.00927734375 0.046875
0 0.232421875 0.43408203125 0.01171875 0.0576171875
0 0.021728515625 0.455078125 0.01806640625 0.08984375
0 0.169189453125 0.43310546875 0.01220703125 0.0595703125
0 0.146240234375 0.431640625 0.00830078125 0.04296875
0 0.1435546875 0.44921875 0.01953125 0.09765625
0 0.080810546875 0.4462890625 0.01513671875 0.076171875
0 0.214599609375 0.44140625 0.01904296875 0.095703125
0 0.162841796875 0.44873046875 0.02001953125 0.1005859375
0 0.55419921875 0.4228515625 0.0166015625 0.08203125
0 0.558349609375 0.41650390625 0.01904296875 0.0947265625
0 0.20166015625 0.4521484375 0.017578125 0.087890625
0 0.20166015625 0.44677734375 0.0205078125 0.1005859375
