0 0.523681640625 0.39453125 0.01220703125 0.060546875
0 0.515625 0.39599609375 0.0126953125 0.0634765625
0 0.36962890625 0.419921875 0.0185546875 0.08984375
0 0.742919921875 0.40234375 0.00732421875 0.03515625
0 0.726318359375 0.396484375 0.00927734375 0.046875
0 0.718994140625 0.39794921875 0.00830078125 0.0400390625
0 0.6796875 0.39892578125 0.0068359375 0.0361328125
0 0.674560546875 0.39892578125 0.00732421875 0.0380859375
0 0.660888671875 0.3974609375 0.00732421875 0.037109375
0 0.654296875 0.3984375 0.0068359375 0.03515625
0 0.641357421875 0.392578125 0.00732421875 0.0390625
0 0.532958984375 0.39404296875 0.00927734375 0.0458984375
0 0.482421875 0.42822265625 0.025390625 0.1240234375
0 0.533203125 0.40283203125 0.0107421875 0.0517578125
0 0.44921875 0.458984375 0.0390625 0.193359375
0 0.421630859375 0.4677734375 0.04150390625 0.203125
0 0.23828125 0.384765625 0.013671875 0.068359375
0 0.22119140625 0.41845703125 0.0224609375 0.1123046875
0 0.193359375 0.3955078125 0.013671875 0.068359375
0 0.147216796875 0.4384765625 0.01513671875 0.07421875
0 0.06787109375 0.4140625 0.025390625 0.125
0 0.58056640625 0.421875 0.0205078125 0.1015625
0 0.59228515625 0.42333984375 0.021484375 0.1083984375
0 0.234619140625 0.38720703125 0.01318359375 0.0654296875
0 0.250732421875 0.47705078125 0.05810546875 0.2841796875
0 0.175537109375 0.39697265625 0.01318359375 0.0654296875
0 0.18359375 0.4833984375 0.05859375 0.287109375
0 0.68359375 0.3984375 0.0078125 0.0390625
0 0.669677734375 0.39306640625 0.00927734375 0.0478515625
