0 0.732666015625 0.4208984375 0.01220703125 0.05859375
0 0.7548828125 0.4169921875 0.01171875 0.05859375
0 0.7216796875 0.42041015625 0.0146484375 0.0732421875
0 0.783935546875 0.41748046875 0.00732421875 0.0380859375
0 0.79052734375 0.4150390625 0.0078125 0.0390625
0 0.2060546875 0.44384765625 0.0166015625 0.0830078125
0 0.22265625 0.4375 0.0146484375 0.072265625
0 0.467041015625 0.44482421875 0.00537109375 0.0263671875
0 0.41845703125 0.44482421875 0.0048828125 0.0244140625
0 0.408203125 0.4404296875 0.0068359375 0.03515625
0 0.688232421875 0.423828125 0.01123046875 0.0546875
0 0.696044921875 0.4248046875 0.01123046875 0.0546875
0 0.26904296875 0.43701171875 0.01171875 0.0595703125
0 0.2822265625 0.4375 0.01171875 0.056640625
0 0.4619140625 0.44384765625 0.005859375 0.0283203125
0 0.66650390625 0.4267578125 0.0107421875 0.052734375
0 0.9833984375 0.4169921875 0.0322265625 0.1875
