0 0.671875 0.4453125 0.0244140625 0.12109375
0 0.698974609375 0.44140625 0.02587890625 0.126953125
0 0.61962890625 0.439453125 0.013671875 0.068359375
0 0.481201171875 0.43896484375 0.00537109375 0.0283203125
0 0.081787109375 0.46240234375 0.01513671875 0.0771484375
0 0.49609375 0.44140625 0.0048828125 0.025390625
0 0.189453125 0.45849609375 0.0087890625 0.0439453125
0 0.178466796875 0.46044921875 0.00927734375 0.0458984375
0 0.260986328125 0.45361328125 0.00830078125 0.0419921875
0 0.266845703125 0.453125 0.00830078125 0.04296875
