0 0.482177734375 0.37744140625 0.00244140625 0.0146484375
0 0.89892578125 0.41845703125 0.0244140625 0.1201171875
0 0.5458984375 0.38720703125 0.0029296875 0.0146484375
0 0.548583984375 0.38671875 0.00244140625 0.013671875
0 0.583251953125 0.39501953125 0.00537109375 0.0283203125
0 0.573974609375 0.392578125 0.00634765625 0.03125
0 0.616455078125 0.40478515625 0.01025390625 0.0517578125
0 0.846435546875 0.4150390625 0.03076171875 0.15234375
0 0.855712890625 0.4052734375 0.01416015625 0.0703125
0 0.92626953125 0.41943359375 0.021484375 0.1064453125
0 0.93017578125 0.427734375 0.025390625 0.126953125
0 0.9638671875 0.4482421875 0.041015625 0.203125
0 0.393798828125 0.39453125 0.00439453125 0.0234375
0 0.203369140625 0.4228515625 0.01220703125 0.05859375
0 0.2099609375 0.41552734375 0.0107421875 0.0537109375
0 0.1962890625 0.419921875 0.013671875 0.068359375
0 0.189697265625 0.4375 0.01806640625 0.08984375
0 0.2138671875 0.4375 0.0166015625 0.08203125
0 0.237548828125 0.4423828125 0.01416015625 0.072265625
0 0.24609375 0.4423828125 0.015625 0.078125
0 0.2421875 0.4423828125 0.015625 0.078125
