0 0.43994140625 0.4248046875 0.0068359375 0.03515625
0 0.4580078125 0.4208984375 0.0078125 0.041015625
0 0.526611328125 0.41552734375 0.00439453125 0.0224609375
0 0.528564453125 0.4228515625 0.00537109375 0.02734375
0 0.572509765625 0.41845703125 0.00634765625 0.0341796875
0 0.594970703125 0.41259765625 0.01708984375 0.0849609375
0 0.695068359375 0.4384765625 0.03759765625 0.18359375
0 0.72265625 0.44287109375 0.0361328125 0.1787109375
0 0.7666015625 0.443359375 0.037109375 0.181640625
0 0.394287109375 0.42431640625 0.01220703125 0.0615234375
