0 0.4775390625 0.4677734375 0.0126953125 0.0625
0 0.514892578125 0.46630859375 0.01416015625 0.0693359375
0 0.50634765625 0.46337890625 0.015625 0.0751953125
0 0.497314453125 0.46044921875 0.01904296875 0.0927734375
0 0.573974609375 0.45263671875 0.02099609375 0.1044921875
0 0.531982421875 0.46826171875 0.01318359375 0.0654296875
0 0.5361328125 0.47021484375 0.0126953125 0.0634765625
0 0.524658203125 0.46435546875 0.01513671875 0.0751953125
0 0.463623046875 0.46240234375 0.01806640625 0.0908203125
0 0.6083984375 0.451171875 0.0244140625 0.119140625
0 0.620361328125 0.470703125 0.03271484375 0.162109375
0 0.6455078125 0.44384765625 0.025390625 0.1259765625
0 0.666015625 0.46923828125 0.033203125 0.1630859375
0 0.698974609375 0.46142578125 0.03662109375 0.1787109375
0 0.780029296875 0.48828125 0.07958984375 0.388671875
0 0.844482421875 0.490234375 0.07470703125 0.3671875
0 0.2880859375 0.4638671875 0.009765625 0.05078125
0 0.301025390625 0.46630859375 0.00927734375 0.0458984375
0 0.306396484375 0.4716796875 0.00732421875 0.037109375
0 0.313232421875 0.45166015625 0.02490234375 0.1220703125
0 0.331298828125 0.4482421875 0.02001953125 0.099609375
0 0.3408203125 0.443359375 0.0224609375 0.111328125
0 0.35107421875 0.46337890625 0.0126953125 0.0634765625
0 0.360595703125 0.462890625 0.01513671875 0.07421875
