0 0.111083984375 0.458984375 0.02490234375 0.123046875
0 0.580078125 0.43505859375 0.0087890625 0.0439453125
0 0.6201171875 0.44140625 0.0185546875 0.091796875
0 0.629638671875 0.4462890625 0.01806640625 0.08984375
0 0.678955078125 0.45361328125 0.02490234375 0.1240234375
0 0.753173828125 0.46044921875 0.03857421875 0.1884765625
0 0.79443359375 0.474609375 0.0458984375 0.2265625
0 0.765869140625 0.47998046875 0.05224609375 0.2568359375
0 0.837646484375 0.4775390625 0.04052734375 0.19921875
0 0.81201171875 0.47021484375 0.044921875 0.2197265625
0 0.889892578125 0.46435546875 0.03271484375 0.1591796875
0 0.899169921875 0.46484375 0.03466796875 0.171875
