0 0.3232421875 0.45263671875 0.00390625 0.0205078125
0 0.560302734375 0.43701171875 0.01123046875 0.0556640625
0 0.28466796875 0.45556640625 0.00390625 0.0185546875
0 0.546875 0.4345703125 0.01171875 0.05859375
0 0.173095703125 0.4599609375 0.01123046875 0.056640625
0 0.166015625 0.46044921875 0.0107421875 0.0537109375
0 0.15576171875 0.4580078125 0.01171875 0.05859375
0 0.143798828125 0.46044921875 0.01416015625 0.0693359375
0 0.601318359375 0.43896484375 0.01220703125 0.0615234375
0 0.1064453125 0.46240234375 0.013671875 0.0693359375
0 0.593017578125 0.4365234375 0.01416015625 0.0703125
0 0.572021484375 0.44140625 0.01025390625 0.052734375
0 0.577880859375 0.4423828125 0.01220703125 0.060546875
0 0.01123046875 0.4638671875 0.01953125 0.095703125
0 0.526123046875 0.44384765625 0.01220703125 0.0615234375
0 0.50341796875 0.443359375 0.013671875 0.06640625
0 0.515869140625 0.44287109375 0.01220703125 0.0615234375
0 0.53857421875 0.44140625 0.013671875 0.068359375
0 0.619384765625 0.43408203125 0.01416015625 0.0712890625
0 0.5869140625 0.4384765625 0.0126953125 0.064453125
0 0.555908203125 0.44677734375 0.01123046875 0.0576171875
0 0.535400390625 0.4521484375 0.01025390625 0.05078125
0 0.548828125 0.443359375 0.01171875 0.060546875
