0 0.312255859375 0.37744140625 0.00732421875 0.0361328125
0 0.36767578125 0.38671875 0.0087890625 0.04296875
0 0.360107421875 0.388671875 0.00927734375 0.044921875
0 0.28271484375 0.384765625 0.0107421875 0.052734375
0 0.179443359375 0.3837890625 0.01123046875 0.056640625
0 0.190185546875 0.392578125 0.01416015625 0.072265625
0 0.17236328125 0.3935546875 0.013671875 0.068359375
0 0.058349609375 0.3681640625 0.01318359375 0.06640625
0 0.1064453125 0.39794921875 0.017578125 0.0888671875
0 0.13720703125 0.39892578125 0.017578125 0.0888671875
0 0.123779296875 0.3955078125 0.02001953125 0.09765625
0 0.093994140625 0.3642578125 0.01123046875 0.0546875
0 0.073486328125 0.36474609375 0.01220703125 0.0615234375
0 0.085205078125 0.38671875 0.01708984375 0.083984375
0 0.568359375 0.40478515625 0.015625 0.0771484375
0 0.593017578125 0.4150390625 0.02099609375 0.103515625
0 0.785400390625 0.4423828125 0.03173828125 0.15625
0 0.697509765625 0.42529296875 0.02685546875 0.1337890625
0 0.788818359375 0.4443359375 0.04052734375 0.19921875
0 0.9638671875 0.50341796875 0.037109375 0.1826171875
0 0.04638671875 0.412109375 0.03515625 0.173828125
0 0.21923828125 0.38134765625 0.0107421875 0.0537109375
0 0.26611328125 0.388671875 0.0068359375 0.03515625
0 0.214111328125 0.38134765625 0.01123046875 0.0556640625
