0 0.177978515625 0.46728515625 0.00244140625 0.0146484375
0 0.183837890625 0.466796875 0.00341796875 0.017578125
0 0.225341796875 0.46923828125 0.00439453125 0.0224609375
0 0.244873046875 0.47314453125 0.00341796875 0.0166015625
0 0.32373046875 0.47265625 0.005859375 0.03125
0 0.328369140625 0.47216796875 0.00634765625 0.0322265625
0 0.359130859375 0.46923828125 0.00732421875 0.0361328125
0 0.372314453125 0.46826171875 0.00634765625 0.0322265625
0 0.109375 0.486328125 0.0048828125 0.025390625
0 0.120849609375 0.48876953125 0.00830078125 0.0419921875
0 0.11474609375 0.4970703125 0.0087890625 0.044921875
0 0.082763671875 0.4931640625 0.00927734375 0.046875
0 0.080810546875 0.49853515625 0.00732421875 0.0361328125
0 0.08935546875 0.49462890625 0.0087890625 0.0419921875
0 0.09716796875 0.4970703125 0.009765625 0.048828125
