0 0.180908203125 0.4140625 0.01025390625 0.05078125
0 0.189453125 0.4150390625 0.01171875 0.05859375
0 0.19580078125 0.40966796875 0.0166015625 0.0810546875
0 0.22314453125 0.41552734375 0.0126953125 0.0634765625
0 0.209228515625 0.4140625 0.01416015625 0.0703125
0 0.264892578125 0.4169921875 0.01708984375 0.0859375
0 0.412353515625 0.42724609375 0.01220703125 0.0595703125
0 0.41162109375 0.42919921875 0.0107421875 0.0537109375
0 0.437744140625 0.4287109375 0.01123046875 0.0546875
0 0.4482421875 0.43017578125 0.0107421875 0.0537109375
0 0.470947265625 0.431640625 0.01123046875 0.056640625
0 0.87646484375 0.4736328125 0.0546875 0.267578125
0 0.844970703125 0.47509765625 0.05517578125 0.2685546875
0 0.8916015625 0.48681640625 0.0537109375 0.2626953125
0 0.9189453125 0.486328125 0.0556640625 0.275390625
