0 0.197265625 0.46142578125 0.03125 0.1533203125
0 0.247802734375 0.4697265625 0.04345703125 0.212890625
0 0.25634765625 0.46728515625 0.04296875 0.2119140625
0 0.221923828125 0.47216796875 0.04248046875 0.2099609375
0 0.15673828125 0.46533203125 0.0224609375 0.1083984375
0 0.167236328125 0.4638671875 0.02294921875 0.11328125
0 0.187744140625 0.47509765625 0.04248046875 0.2080078125
0 0.321533203125 0.46630859375 0.04345703125 0.2138671875
0 0.374267578125 0.4638671875 0.02392578125 0.1171875
0 0.06005859375 0.46044921875 0.01953125 0.0966796875
0 0.068115234375 0.4638671875 0.01806640625 0.091796875
0 0.103271484375 0.47412109375 0.04248046875 0.2080078125
0 0.04541015625 0.4716796875 0.0361328125 0.177734375
0 0.5517578125 0.451171875 0.0185546875 0.08984375
0 0.539306640625 0.45263671875 0.02294921875 0.1103515625
0 0.560546875 0.45947265625 0.0234375 0.1162109375
0 0.58544921875 0.45556640625 0.02734375 0.1337890625
0 0.620361328125 0.4677734375 0.03955078125 0.1953125
0 0.66845703125 0.4677734375 0.041015625 0.201171875
0 0.69775390625 0.474609375 0.0380859375 0.185546875
0 0.683349609375 0.4833984375 0.03759765625 0.185546875
0 0.755126953125 0.46142578125 0.03076171875 0.1494140625
0 0.356201171875 0.46484375 0.04248046875 0.208984375
0 0.986328125 0.4677734375 0.0263671875 0.220703125
0 0.48486328125 0.48828125 0.056640625 0.27734375
0 0.570068359375 0.48095703125 0.03759765625 0.1845703125
0 0.037841796875 0.46142578125 0.02294921875 0.1123046875
0 0.302490234375 0.4677734375 0.03759765625 0.185546875
0 0.34814453125 0.46728515625 0.0439453125 0.2158203125
