0 0.26123046875 0.44189453125 0.0126953125 0.0615234375
0 0.2529296875 0.44287109375 0.0107421875 0.0556640625
0 0.24365234375 0.4443359375 0.0107421875 0.0546875
0 0.53125 0.43603515625 0.0126953125 0.0634765625
0 0.5546875 0.43017578125 0.0146484375 0.0732421875
0 0.74658203125 0.42626953125 0.01953125 0.0966796875
0 0.723388671875 0.4287109375 0.01904296875 0.09375
0 0.9873046875 0.4169921875 0.0244140625 0.125
0 0.12646484375 0.4609375 0.013671875 0.068359375
0 0.059814453125 0.44580078125 0.00341796875 0.0166015625
0 0.048828125 0.4501953125 0.0048828125 0.02734375
0 0.234375 0.45263671875 0.0166015625 0.0830078125
0 0.31494140625 0.44677734375 0.015625 0.0791015625
