0 0.142333984375 0.42138671875 0.01904296875 0.0947265625
0 0.15625 0.42041015625 0.01953125 0.0966796875
0 0.361328125 0.39990234375 0.0048828125 0.0263671875
0 0.382568359375 0.4033203125 0.00537109375 0.025390625
0 0.388427734375 0.404296875 0.00439453125 0.0234375
0 0.392333984375 0.4052734375 0.00439453125 0.0234375
0 0.4140625 0.404296875 0.00390625 0.021484375
0 0.418212890625 0.40478515625 0.00439453125 0.0224609375
0 0.47021484375 0.40771484375 0.005859375 0.0302734375
0 0.517578125 0.44140625 0.033203125 0.162109375
0 0.5849609375 0.4150390625 0.013671875 0.06640625
0 0.596923828125 0.408203125 0.01611328125 0.080078125
0 0.6171875 0.40283203125 0.01171875 0.0595703125
0 0.9326171875 0.41748046875 0.03125 0.1533203125
0 0.281982421875 0.41650390625 0.01025390625 0.0517578125
0 0.27294921875 0.41845703125 0.009765625 0.0498046875
0 0.22607421875 0.419921875 0.013671875 0.068359375
0 0.216064453125 0.42041015625 0.01318359375 0.0654296875
0 0.20361328125 0.4189453125 0.013671875 0.068359375
0 0.25732421875 0.43603515625 0.0302734375 0.1494140625
0 0.24169921875 0.44091796875 0.03125 0.1533203125
0 0.294677734375 0.44287109375 0.03369140625 0.1650390625
0 0.306884765625 0.44189453125 0.03466796875 0.1708984375
