0 0.82470703125 0.4013671875 0.0263671875 0.130859375
0 0.784423828125 0.39306640625 0.01416015625 0.0712890625
0 0.772705078125 0.388671875 0.01611328125 0.078125
0 0.803955078125 0.39892578125 0.02587890625 0.1259765625
0 0.42822265625 0.40478515625 0.0107421875 0.0537109375
0 0.4248046875 0.40234375 0.0126953125 0.0625
0 0.596923828125 0.39208984375 0.00830078125 0.0419921875
0 0.58251953125 0.3896484375 0.0087890625 0.04296875
0 0.643310546875 0.39453125 0.00537109375 0.02734375
0 0.6064453125 0.38818359375 0.0087890625 0.0458984375
0 0.652587890625 0.40380859375 0.01416015625 0.0693359375
