0 0.79248046875 0.435546875 0.0302734375 0.1484375
0 0.734130859375 0.43212890625 0.02099609375 0.1044921875
0 0.75732421875 0.42724609375 0.0234375 0.1142578125
0 0.860107421875 0.45166015625 0.03564453125 0.1767578125
0 0.8359375 0.45263671875 0.037109375 0.1826171875
0 0.697265625 0.4443359375 0.015625 0.078125
0 0.7001953125 0.453125 0.0126953125 0.064453125
0 0.662841796875 0.42431640625 0.01416015625 0.0712890625
0 0.6767578125 0.42919921875 0.0205078125 0.1005859375
0 0.404296875 0.41259765625 0.0166015625 0.0830078125
0 0.68115234375 0.431640625 0.021484375 0.107421875
0 0.645751953125 0.41650390625 0.01220703125 0.0595703125
0 0.6376953125 0.4189453125 0.013671875 0.068359375
0 0.655029296875 0.41650390625 0.01416015625 0.0712890625
0 0.5712890625 0.4462890625 0.029296875 0.14453125
0 0.560791015625 0.43896484375 0.03369140625 0.1669921875
0 0.526611328125 0.43505859375 0.03076171875 0.1533203125
0 0.986572265625 0.44482421875 0.02587890625 0.1728515625
0 0.9501953125 0.45751953125 0.05078125 0.2490234375
0 0.98681640625 0.43798828125 0.025390625 0.1689453125
