0 0.679931640625 0.41943359375 0.01220703125 0.0615234375
0 0.670166015625 0.42919921875 0.01611328125 0.0791015625
0 0.556396484375 0.42138671875 0.01025390625 0.0517578125
0 0.5625 0.423828125 0.009765625 0.048828125
0 0.548583984375 0.42529296875 0.01025390625 0.0498046875
0 0.488525390625 0.4248046875 0.01220703125 0.060546875
0 0.46435546875 0.4296875 0.0166015625 0.08203125
0 0.4951171875 0.4267578125 0.013671875 0.068359375
0 0.48193359375 0.4326171875 0.015625 0.078125
0 0.499267578125 0.43603515625 0.01416015625 0.0712890625
0 0.2412109375 0.4462890625 0.0185546875 0.08984375
0 0.19775390625 0.4462890625 0.021484375 0.107421875
0 0.1826171875 0.4482421875 0.017578125 0.087890625
0 0.229248046875 0.447265625 0.02392578125 0.119140625
