0 0.646240234375 0.41357421875 0.00830078125 0.0419921875
0 0.65185546875 0.40234375 0.009765625 0.048828125
0 0.7685546875 0.39990234375 0.01171875 0.0595703125
0 0.712158203125 0.39599609375 0.01123046875 0.0556640625
0 0.70654296875 0.39501953125 0.0126953125 0.0634765625
0 0.71533203125 0.40087890625 0.0126953125 0.0634765625
0 0.73388671875 0.3994140625 0.0126953125 0.064453125
0 0.740478515625 0.3984375 0.01416015625 0.0703125
0 0.69921875 0.408203125 0.0185546875 0.091796875
0 0.66845703125 0.41015625 0.017578125 0.0859375
0 0.68310546875 0.41357421875 0.017578125 0.0869140625
0 0.6630859375 0.4140625 0.017578125 0.087890625
0 0.481689453125 0.42333984375 0.02685546875 0.1337890625
0 0.492919921875 0.421875 0.02587890625 0.12890625
0 0.507080078125 0.42041015625 0.02685546875 0.1318359375
0 0.50244140625 0.42578125 0.0263671875 0.130859375
0 0.369873046875 0.45361328125 0.04150390625 0.2041015625
0 0.39892578125 0.4521484375 0.05078125 0.248046875
0 0.34912109375 0.4609375 0.046875 0.23046875
0 0.28662109375 0.45556640625 0.0556640625 0.2724609375
0 0.224853515625 0.4921875 0.06103515625 0.30078125
0 0.989990234375 0.4306640625 0.01904296875 0.177734375
0 0.960693359375 0.4453125 0.05810546875 0.28515625
