0 0.76708984375 0.39501953125 0.01953125 0.0966796875
0 0.756103515625 0.3974609375 0.01904296875 0.09375
0 0.74609375 0.40771484375 0.0283203125 0.1376953125
0 0.934326171875 0.40869140625 0.05322265625 0.2607421875
0 0.63671875 0.43115234375 0.0166015625 0.0810546875
0 0.241455078125 0.46142578125 0.01806640625 0.0888671875
0 0.408203125 0.453125 0.013671875 0.068359375
0 0.441162109375 0.447265625 0.01220703125 0.060546875
0 0.419677734375 0.44921875 0.01318359375 0.06640625
0 0.596923828125 0.42822265625 0.01513671875 0.0751953125
0 0.547607421875 0.435546875 0.01513671875 0.07421875
0 0.6083984375 0.431640625 0.017578125 0.087890625
0 0.621337890625 0.4296875 0.01708984375 0.0859375
0 0.656494140625 0.4248046875 0.01708984375 0.0859375
0 0.4228515625 0.4521484375 0.015625 0.076171875
