0 0.8369140625 0.47802734375 0.037109375 0.1826171875
0 0.769775390625 0.49560546875 0.03173828125 0.1552734375
0 0.783935546875 0.48388671875 0.03662109375 0.1787109375
0 0.1337890625 0.494140625 0.0498046875 0.244140625
0 0.685791015625 0.47607421875 0.05517578125 0.2705078125
0 0.34619140625 0.48779296875 0.046875 0.2314453125
0 0.3193359375 0.49658203125 0.044921875 0.2216796875
0 0.517333984375 0.47412109375 0.05322265625 0.2607421875
0 0.456787109375 0.478515625 0.05126953125 0.25
0 0.498291015625 0.4658203125 0.06103515625 0.298828125
0 0.3984375 0.47802734375 0.05078125 0.2509765625
0 0.40869140625 0.47802734375 0.052734375 0.2587890625
0 0.599609375 0.4755859375 0.0595703125 0.29296875
