0 0.92822265625 0.49560546875 0.0419921875 0.2060546875
0 0.962890625 0.513671875 0.0380859375 0.1875
0 0.6826171875 0.4658203125 0.03515625 0.171875
0 0.0986328125 0.44287109375 0.021484375 0.1064453125
0 0.515380859375 0.53076171875 0.03662109375 0.1806640625
0 0.53955078125 0.5087890625 0.0546875 0.267578125
0 0.107666015625 0.49951171875 0.05029296875 0.2451171875
0 0.218505859375 0.49560546875 0.05517578125 0.2724609375
0 0.198486328125 0.5068359375 0.05517578125 0.271484375
0 0.1318359375 0.5244140625 0.044921875 0.220703125
0 0.400634765625 0.4873046875 0.03662109375 0.1796875
0 0.376708984375 0.51318359375 0.04248046875 0.2099609375
0 0.420166015625 0.49365234375 0.03173828125 0.1572265625
0 0.074462890625 0.44482421875 0.02099609375 0.1044921875
0 0.30615234375 0.4931640625 0.052734375 0.2578125
0 0.326904296875 0.49072265625 0.05126953125 0.2509765625
0 0.06298828125 0.4609375 0.03515625 0.173828125
0 0.294921875 0.49365234375 0.0546875 0.2685546875
0 0.14306640625 0.4921875 0.0703125 0.34375
0 0.284912109375 0.49609375 0.06591796875 0.32421875
