0 0.23388671875 0.43994140625 0.005859375 0.0302734375
0 0.66845703125 0.46923828125 0.02734375 0.1337890625
0 0.723388671875 0.45849609375 0.02294921875 0.1142578125
0 0.71533203125 0.4580078125 0.0263671875 0.12890625
0 0.8486328125 0.4638671875 0.0224609375 0.11328125
0 0.766845703125 0.46142578125 0.02197265625 0.1083984375
0 0.760009765625 0.4560546875 0.02392578125 0.119140625
0 0.780517578125 0.46875 0.02197265625 0.109375
0 0.796142578125 0.4658203125 0.02490234375 0.123046875
0 0.22998046875 0.44091796875 0.005859375 0.0302734375
0 0.357177734375 0.44921875 0.01318359375 0.06640625
0 0.41552734375 0.45068359375 0.0146484375 0.0732421875
0 0.421875 0.46875 0.0244140625 0.119140625
0 0.451904296875 0.47900390625 0.02197265625 0.1064453125
0 0.13623046875 0.453125 0.0068359375 0.03515625
0 0.114990234375 0.4580078125 0.00927734375 0.044921875
0 0.08984375 0.46142578125 0.0087890625 0.0439453125
0 0.08203125 0.462890625 0.009765625 0.046875
0 0.073974609375 0.4609375 0.01123046875 0.05859375
0 0.06640625 0.4677734375 0.0107421875 0.0546875
