0 0.66845703125 0.43701171875 0.0341796875 0.1689453125
0 0.0732421875 0.439453125 0.005859375 0.029296875
0 0.081298828125 0.4384765625 0.00537109375 0.02734375
0 0.0947265625 0.43798828125 0.0048828125 0.0263671875
0 0.1650390625 0.431640625 0.0068359375 0.033203125
0 0.219482421875 0.4384765625 0.01123046875 0.056640625
0 0.227783203125 0.439453125 0.01123046875 0.056640625
0 0.532958984375 0.43896484375 0.02197265625 0.1083984375
0 0.515625 0.4375 0.0224609375 0.111328125
0 0.64599609375 0.4443359375 0.033203125 0.1640625
0 0.365966796875 0.4462890625 0.01904296875 0.095703125
0 0.868896484375 0.43798828125 0.04541015625 0.2236328125
0 0.900146484375 0.4404296875 0.03857421875 0.189453125
0 0.91259765625 0.44482421875 0.044921875 0.2197265625
0 0.936767578125 0.4814453125 0.02978515625 0.146484375
0 0.2841796875 0.4443359375 0.0146484375 0.072265625
