0 0.742431640625 0.4560546875 0.00830078125 0.041015625
0 0.6181640625 0.47216796875 0.0146484375 0.0712890625
0 0.453125 0.48779296875 0.0185546875 0.0927734375
0 0.49853515625 0.48681640625 0.0185546875 0.0927734375
0 0.515380859375 0.49267578125 0.01806640625 0.0888671875
0 0.638671875 0.48388671875 0.021484375 0.1064453125
0 0.633544921875 0.48291015625 0.02294921875 0.1123046875
0 0.68359375 0.4775390625 0.0244140625 0.12109375
0 0.851318359375 0.44580078125 0.00537109375 0.0283203125
0 0.901611328125 0.43603515625 0.00341796875 0.0166015625
0 0.908447265625 0.4375 0.00244140625 0.013671875
0 0.5751953125 0.52734375 0.0615234375 0.302734375
0 0.59130859375 0.52685546875 0.06640625 0.3232421875
0 0.175537109375 0.505859375 0.07470703125 0.365234375
0 0.221435546875 0.52392578125 0.07568359375 0.3701171875
0 0.207275390625 0.53759765625 0.08642578125 0.4248046875
0 0.04443359375 0.47998046875 0.0205078125 0.1005859375
0 0.05224609375 0.47900390625 0.021484375 0.1064453125
0 0.025390625 0.51904296875 0.05078125 0.4912109375
0 0.496337890625 0.48681640625 0.02001953125 0.0986328125
0 0.046630859375 0.48095703125 0.02197265625 0.1083984375
