0 0.989013671875 0.4765625 0.02099609375 0.1640625
0 0.017578125 0.46142578125 0.03515625 0.2001953125
0 0.80078125 0.42529296875 0.0166015625 0.0830078125
0 0.815185546875 0.4189453125 0.01806640625 0.08984375
0 0.827880859375 0.42041015625 0.02001953125 0.0986328125
0 0.819580078125 0.42529296875 0.01904296875 0.0947265625
0 0.838623046875 0.423828125 0.02099609375 0.103515625
0 0.90625 0.4638671875 0.044921875 0.21875
0 0.916259765625 0.46484375 0.04833984375 0.236328125
0 0.95068359375 0.45361328125 0.04296875 0.2119140625
0 0.95751953125 0.45703125 0.0478515625 0.234375
0 0.9697265625 0.455078125 0.0517578125 0.25390625
