0 0.064453125 0.4697265625 0.0048828125 0.025390625
0 0.65283203125 0.421875 0.009765625 0.05078125
0 0.515625 0.42626953125 0.01171875 0.0576171875
0 0.6123046875 0.40576171875 0.0166015625 0.0810546875
0 0.036376953125 0.45654296875 0.01025390625 0.0537109375
0 0.042724609375 0.45361328125 0.01123046875 0.0556640625
0 0.095458984375 0.451171875 0.01025390625 0.05078125
0 0.43505859375 0.44091796875 0.0068359375 0.0341796875
0 0.47705078125 0.42919921875 0.009765625 0.0498046875
0 0.48828125 0.431640625 0.013671875 0.068359375
0 0.50634765625 0.42333984375 0.013671875 0.0673828125
0 0.501953125 0.41943359375 0.0185546875 0.0908203125
0 0.4990234375 0.423828125 0.0166015625 0.083984375
0 0.52783203125 0.41796875 0.0166015625 0.083984375
0 0.552978515625 0.4111328125 0.01513671875 0.076171875
0 0.548583984375 0.4208984375 0.01806640625 0.08984375
0 0.675537109375 0.41259765625 0.03271484375 0.1591796875
0 0.579345703125 0.4052734375 0.01513671875 0.07421875
0 0.583984375 0.4052734375 0.013671875 0.06640625
0 0.57470703125 0.41845703125 0.021484375 0.1064453125
0 0.603271484375 0.40869140625 0.02197265625 0.1103515625
0 0.592041015625 0.41943359375 0.02001953125 0.0986328125
