0 0.722900390625 0.3994140625 0.00634765625 0.03125
0 0.734619140625 0.400390625 0.00634765625 0.03125
0 0.751953125 0.404296875 0.0068359375 0.033203125
0 0.989990234375 0.4326171875 0.01904296875 0.146484375
0 0.810302734375 0.4248046875 0.00830078125 0.041015625
0 0.62939453125 0.42138671875 0.009765625 0.0478515625
0 0.861083984375 0.43505859375 0.01318359375 0.0673828125
0 0.705810546875 0.4091796875 0.00732421875 0.037109375
0 0.743408203125 0.41064453125 0.00732421875 0.0361328125
0 0.7607421875 0.404296875 0.0068359375 0.03515625
0 0.75830078125 0.4345703125 0.009765625 0.048828125
0 0.646728515625 0.41455078125 0.00439453125 0.0244140625
0 0.989013671875 0.44091796875 0.02099609375 0.1572265625
