0 0.262939453125 0.43896484375 0.01806640625 0.0908203125
0 0.240966796875 0.4365234375 0.01904296875 0.09375
0 0.277099609375 0.44677734375 0.02294921875 0.1123046875
0 0.46044921875 0.46337890625 0.00390625 0.0205078125
0 0.465576171875 0.4638671875 0.00341796875 0.017578125
0 0.518310546875 0.44677734375 0.01123046875 0.0576171875
0 0.440673828125 0.4482421875 0.00927734375 0.046875
0 0.427978515625 0.4443359375 0.01025390625 0.05078125
0 0.39990234375 0.4453125 0.0087890625 0.044921875
0 0.393310546875 0.44140625 0.01025390625 0.05078125
