0 0.6484375 0.44287109375 0.0234375 0.1162109375
0 0.554931640625 0.439453125 0.02197265625 0.109375
0 0.634765625 0.4423828125 0.0244140625 0.119140625
0 0.5634765625 0.4482421875 0.0224609375 0.11328125
0 0.590576171875 0.43994140625 0.02197265625 0.1083984375
0 0.451171875 0.447265625 0.017578125 0.087890625
0 0.365478515625 0.4296875 0.02001953125 0.099609375
0 0.347900390625 0.427734375 0.02099609375 0.103515625
0 0.353759765625 0.43896484375 0.02783203125 0.1376953125
0 0.38330078125 0.44287109375 0.0263671875 0.1298828125
0 0.305419921875 0.42822265625 0.02001953125 0.0986328125
0 0.293701171875 0.43115234375 0.01904296875 0.0947265625
0 0.230224609375 0.41552734375 0.01318359375 0.0654296875
0 0.25537109375 0.41748046875 0.013671875 0.0673828125
0 0.274658203125 0.46630859375 0.04443359375 0.2197265625
0 0.34228515625 0.46875 0.0458984375 0.224609375
0 0.428955078125 0.4658203125 0.03955078125 0.1953125
0 0.412841796875 0.46533203125 0.04248046875 0.2099609375
0 0.015869140625 0.40576171875 0.00927734375 0.0478515625
0 0.033935546875 0.42578125 0.01611328125 0.080078125
0 0.0986328125 0.40869140625 0.01171875 0.0576171875
0 0.112548828125 0.41650390625 0.01123046875 0.0556640625
0 0.15869140625 0.41259765625 0.0107421875 0.0537109375
0 0.14404296875 0.41259765625 0.0107421875 0.0537109375
0 0.123291015625 0.4189453125 0.01513671875 0.07421875
0 0.10693359375 0.41943359375 0.0166015625 0.0830078125
0 0.09130859375 0.44287109375 0.02734375 0.1337890625
0 0.056396484375 0.43896484375 0.03173828125 0.1552734375
