0 0.589599609375 0.427734375 0.01025390625 0.052734375
0 0.86865234375 0.4140625 0.013671875 0.06640625
0 0.8369140625 0.4208984375 0.0166015625 0.08203125
0 0.821533203125 0.423828125 0.01611328125 0.078125
0 0.82958984375 0.4345703125 0.021484375 0.107421875
0 0.7998046875 0.431640625 0.0224609375 0.111328125
0 0.652099609375 0.4140625 0.00830078125 0.041015625
0 0.455322265625 0.435546875 0.01220703125 0.0625
0 0.30029296875 0.44384765625 0.015625 0.0771484375
0 0.634765625 0.42041015625 0.009765625 0.0478515625
0 0.28466796875 0.4404296875 0.0205078125 0.103515625
0 0.247314453125 0.447265625 0.02099609375 0.10546875
0 0.2099609375 0.44970703125 0.0205078125 0.1005859375
0 0.979248046875 0.40087890625 0.00537109375 0.0283203125
0 0.095458984375 0.44384765625 0.02783203125 0.1376953125
0 0.527099609375 0.48876953125 0.03466796875 0.1689453125
0 0.391357421875 0.4375 0.01416015625 0.0703125
0 0.503662109375 0.4833984375 0.03369140625 0.16796875
0 0.912841796875 0.40576171875 0.01025390625 0.0537109375
0 0.0986328125 0.453125 0.0341796875 0.16796875
