0 0.48486328125 0.4248046875 0.0322265625 0.158203125
0 0.488525390625 0.439453125 0.02880859375 0.142578125
0 0.724853515625 0.38427734375 0.00927734375 0.0458984375
0 0.735595703125 0.39306640625 0.00927734375 0.0478515625
0 0.726806640625 0.40576171875 0.01611328125 0.0791015625
0 0.80908203125 0.400390625 0.015625 0.078125
0 0.796142578125 0.40234375 0.01513671875 0.078125
0 0.7998046875 0.40625 0.015625 0.078125
0 0.81591796875 0.4150390625 0.0146484375 0.07421875
0 0.891357421875 0.427734375 0.01513671875 0.076171875
0 0.750244140625 0.40771484375 0.01513671875 0.0751953125
