0 0.666748046875 0.4619140625 0.03369140625 0.166015625
0 0.69873046875 0.4619140625 0.0341796875 0.166015625
0 0.6845703125 0.4638671875 0.0341796875 0.166015625
0 0.600341796875 0.45458984375 0.03369140625 0.1650390625
0 0.473388671875 0.4267578125 0.01025390625 0.052734375
0 0.45849609375 0.42626953125 0.01171875 0.0576171875
0 0.443359375 0.423828125 0.0126953125 0.0625
0 0.403076171875 0.43701171875 0.02685546875 0.1337890625
0 0.421875 0.43359375 0.0302734375 0.146484375
0 0.724365234375 0.44775390625 0.01025390625 0.0517578125
0 0.310791015625 0.43212890625 0.01904296875 0.0947265625
0 0.490234375 0.42724609375 0.0107421875 0.0537109375
0 0.5009765625 0.42431640625 0.0107421875 0.0537109375
0 0.521240234375 0.4208984375 0.01025390625 0.052734375
0 0.630615234375 0.43896484375 0.00439453125 0.0224609375
0 0.76416015625 0.46044921875 0.0380859375 0.1865234375
0 0.0673828125 0.439453125 0.029296875 0.142578125
