0 0.732177734375 0.37646484375 0.01708984375 0.0869140625
0 0.54345703125 0.41064453125 0.0068359375 0.0322265625
0 0.169677734375 0.431640625 0.01904296875 0.09375
0 0.309326171875 0.4267578125 0.01220703125 0.0625
0 0.201416015625 0.42431640625 0.02001953125 0.0986328125
0 0.81298828125 0.4208984375 0.01171875 0.05859375
0 0.777587890625 0.41552734375 0.02490234375 0.1220703125
0 0.76025390625 0.41259765625 0.02734375 0.1337890625
0 0.738525390625 0.41796875 0.02587890625 0.126953125
0 0.54736328125 0.4130859375 0.0068359375 0.033203125
