0 0.411865234375 0.443359375 0.03076171875 0.15234375
0 0.416015625 0.43994140625 0.033203125 0.1630859375
0 0.74169921875 0.43505859375 0.013671875 0.0693359375
0 0.733642578125 0.4326171875 0.01416015625 0.0703125
0 0.7626953125 0.4365234375 0.0224609375 0.111328125
0 0.843505859375 0.4267578125 0.01025390625 0.05078125
0 0.83349609375 0.42529296875 0.0107421875 0.0537109375
0 0.8251953125 0.42919921875 0.0263671875 0.1279296875
0 0.82373046875 0.43212890625 0.025390625 0.1259765625
0 0.77587890625 0.43603515625 0.0234375 0.1162109375
