0 0.18212890625 0.44384765625 0.025390625 0.1259765625
0 0.159423828125 0.439453125 0.02587890625 0.12890625
0 0.13427734375 0.443359375 0.029296875 0.14453125
0 0.04052734375 0.4814453125 0.064453125 0.31640625
0 0.585205078125 0.45263671875 0.01806640625 0.0908203125
0 0.614501953125 0.45263671875 0.01708984375 0.0869140625
0 0.6083984375 0.4560546875 0.0166015625 0.08203125
0 0.629150390625 0.455078125 0.01708984375 0.0859375
0 0.80126953125 0.45458984375 0.0380859375 0.1865234375
0 0.8154296875 0.4853515625 0.0537109375 0.263671875
0 0.86083984375 0.46630859375 0.0673828125 0.3310546875
0 0.192138671875 0.45947265625 0.03369140625 0.1650390625
