0 0.51220703125 0.41259765625 0.02734375 0.1357421875
0 0.4931640625 0.43310546875 0.0419921875 0.2060546875
0 0.44970703125 0.42041015625 0.0361328125 0.1767578125
0 0.46533203125 0.47021484375 0.0234375 0.1142578125
0 0.48046875 0.42724609375 0.041015625 0.2041015625
0 0.4130859375 0.4111328125 0.033203125 0.1640625
0 0.404296875 0.46435546875 0.025390625 0.1240234375
0 0.433837890625 0.4267578125 0.04052734375 0.19921875
0 0.62841796875 0.3994140625 0.017578125 0.0859375
0 0.63818359375 0.41748046875 0.025390625 0.1259765625
0 0.616455078125 0.4267578125 0.02392578125 0.1171875
0 0.571533203125 0.419921875 0.02587890625 0.126953125
