0 0.79931640625 0.4306640625 0.0087890625 0.044921875
0 0.78271484375 0.43212890625 0.0078125 0.0400390625
0 0.495849609375 0.44873046875 0.01025390625 0.0517578125
0 0.446533203125 0.44677734375 0.01318359375 0.0654296875
0 0.452880859375 0.44873046875 0.01318359375 0.0654296875
0 0.462158203125 0.4541015625 0.01318359375 0.06640625
0 0.3701171875 0.453125 0.017578125 0.087890625
0 0.1640625 0.47509765625 0.0283203125 0.1376953125
0 0.18212890625 0.4697265625 0.029296875 0.14453125
0 0.5556640625 0.4716796875 0.0244140625 0.119140625
