0 0.588134765625 0.40869140625 0.01416015625 0.0693359375
0 0.5849609375 0.4111328125 0.013671875 0.06640625
0 0.652587890625 0.40185546875 0.01416015625 0.0693359375
0 0.720458984375 0.40380859375 0.02197265625 0.1083984375
0 0.814208984375 0.41943359375 0.03564453125 0.1748046875
0 0.9228515625 0.41943359375 0.0517578125 0.2529296875
0 0.00830078125 0.4365234375 0.0166015625 0.126953125
0 0.094482421875 0.4345703125 0.01806640625 0.091796875
0 0.102294921875 0.4296875 0.02001953125 0.099609375
0 0.15087890625 0.44091796875 0.0341796875 0.1669921875
0 0.22998046875 0.4404296875 0.03515625 0.171875
0 0.188232421875 0.43017578125 0.03955078125 0.1943359375
0 0.307861328125 0.41162109375 0.02685546875 0.1318359375
0 0.284423828125 0.42138671875 0.02587890625 0.1279296875
0 0.461669921875 0.40185546875 0.01513671875 0.0751953125
0 0.395751953125 0.41015625 0.02099609375 0.103515625
0 0.397705078125 0.40966796875 0.02197265625 0.1083984375
