0 0.662841796875 0.44775390625 0.01806640625 0.0888671875
0 0.646728515625 0.4501953125 0.01904296875 0.09375
0 0.630615234375 0.447265625 0.01611328125 0.080078125
0 0.637451171875 0.4580078125 0.02294921875 0.111328125
0 0.70849609375 0.45361328125 0.0185546875 0.0947265625
0 0.7177734375 0.45263671875 0.0205078125 0.1025390625
0 0.77587890625 0.49951171875 0.044921875 0.2216796875
0 0.50146484375 0.439453125 0.009765625 0.05078125
0 0.37060546875 0.4365234375 0.015625 0.076171875
0 0.35595703125 0.44140625 0.0224609375 0.111328125
0 0.029052734375 0.4638671875 0.05810546875 0.298828125
0 0.120361328125 0.458984375 0.05322265625 0.259765625
0 0.14306640625 0.43896484375 0.064453125 0.3173828125
0 0.656005859375 0.46435546875 0.03271484375 0.1611328125
