0 0.432861328125 0.4228515625 0.00537109375 0.029296875
0 0.43896484375 0.4248046875 0.005859375 0.03125
0 0.4462890625 0.4267578125 0.0068359375 0.03515625
0 0.478271484375 0.43408203125 0.00927734375 0.0478515625
0 0.477294921875 0.45556640625 0.01123046875 0.0556640625
0 0.659423828125 0.435546875 0.02001953125 0.099609375
0 0.177001953125 0.42138671875 0.00634765625 0.0322265625
0 0.13427734375 0.423828125 0.0078125 0.0390625
0 0.19873046875 0.447265625 0.0263671875 0.130859375
0 0.09423828125 0.45166015625 0.0693359375 0.3408203125
0 0.044189453125 0.47314453125 0.05419921875 0.2646484375
0 0.015869140625 0.47216796875 0.03173828125 0.3095703125
