0 0.438720703125 0.41552734375 0.00537109375 0.0283203125
0 0.337890625 0.412109375 0.0087890625 0.04296875
0 0.1904296875 0.40185546875 0.0078125 0.0400390625
0 0.169677734375 0.4326171875 0.02587890625 0.126953125
0 0.137939453125 0.4208984375 0.03076171875 0.15234375
0 0.478759765625 0.42431640625 0.00537109375 0.0283203125
0 0.484130859375 0.4208984375 0.00634765625 0.03125
0 0.48779296875 0.421875 0.0068359375 0.03515625
0 0.493896484375 0.41748046875 0.00830078125 0.0419921875
0 0.544921875 0.4326171875 0.02734375 0.134765625
0 0.54736328125 0.443359375 0.02734375 0.13671875
0 0.507080078125 0.44384765625 0.03076171875 0.1513671875
0 0.52001953125 0.44580078125 0.03125 0.1533203125
0 0.647216796875 0.416015625 0.02197265625 0.109375
0 0.56640625 0.42822265625 0.009765625 0.0498046875
0 0.72998046875 0.42626953125 0.03515625 0.1728515625
0 0.892822265625 0.42724609375 0.03076171875 0.1494140625
0 0.944091796875 0.4296875 0.03662109375 0.181640625
0 0.434326171875 0.41455078125 0.00537109375 0.0263671875
