0 0.744873046875 0.4326171875 0.01416015625 0.0703125
0 0.7333984375 0.4384765625 0.0146484375 0.07421875
0 0.739501953125 0.4404296875 0.01708984375 0.083984375
0 0.753662109375 0.4501953125 0.02197265625 0.109375
0 0.802490234375 0.4345703125 0.02392578125 0.119140625
0 0.782470703125 0.44287109375 0.02587890625 0.1259765625
0 0.779052734375 0.43798828125 0.02783203125 0.1376953125
0 0.71923828125 0.4521484375 0.0244140625 0.119140625
0 0.809814453125 0.4609375 0.03369140625 0.166015625
0 0.87548828125 0.45654296875 0.041015625 0.2021484375
0 0.91552734375 0.453125 0.0419921875 0.205078125
0 0.98046875 0.50537109375 0.0380859375 0.3681640625
0 0.505126953125 0.43310546875 0.00927734375 0.0478515625
0 0.50244140625 0.43603515625 0.01171875 0.0576171875
0 0.491455078125 0.4345703125 0.01318359375 0.064453125
0 0.426025390625 0.431640625 0.01806640625 0.087890625
0 0.41162109375 0.43701171875 0.015625 0.0771484375
0 0.361572265625 0.4365234375 0.02392578125 0.1171875
0 0.397705078125 0.443359375 0.01806640625 0.087890625
0 0.30712890625 0.4326171875 0.0185546875 0.091796875
0 0.32275390625 0.42822265625 0.021484375 0.1064453125
0 0.173828125 0.43212890625 0.0234375 0.1162109375
0 0.2314453125 0.4462890625 0.0322265625 0.158203125
0 0.085693359375 0.44091796875 0.03564453125 0.1748046875
0 0.143310546875 0.451171875 0.04150390625 0.205078125
