0 0.310546875 0.4462890625 0.005859375 0.03125
0 0.31591796875 0.44970703125 0.005859375 0.0302734375
0 0.340087890625 0.4482421875 0.00634765625 0.03125
0 0.3564453125 0.44921875 0.0078125 0.041015625
0 0.797607421875 0.45458984375 0.01025390625 0.0517578125
0 0.79052734375 0.451171875 0.01171875 0.056640625
0 0.986572265625 0.48828125 0.02587890625 0.212890625
0 0.736328125 0.484375 0.025390625 0.125
0 0.568115234375 0.45654296875 0.01708984375 0.0830078125
0 0.55908203125 0.4541015625 0.0185546875 0.091796875
