0 0.041748046875 0.43798828125 0.01416015625 0.0712890625
0 0.0517578125 0.44287109375 0.013671875 0.0673828125
0 0.033935546875 0.443359375 0.01806640625 0.08984375
0 0.060791015625 0.44140625 0.01416015625 0.072265625
0 0.1044921875 0.439453125 0.0126953125 0.0625
0 0.08447265625 0.43603515625 0.015625 0.0771484375
0 0.1181640625 0.44189453125 0.015625 0.0791015625
0 0.177001953125 0.44189453125 0.01318359375 0.0654296875
0 0.3037109375 0.4326171875 0.0068359375 0.037109375
0 0.79248046875 0.42333984375 0.0263671875 0.1318359375
