0 0.65673828125 0.41015625 0.0078125 0.0390625
0 0.672119140625 0.4150390625 0.01123046875 0.0546875
0 0.6826171875 0.41357421875 0.0107421875 0.0556640625
0 0.68896484375 0.41455078125 0.015625 0.0771484375
0 0.69775390625 0.4287109375 0.009765625 0.05078125
0 0.713134765625 0.41357421875 0.01220703125 0.0595703125
0 0.7177734375 0.41357421875 0.0166015625 0.0810546875
0 0.7353515625 0.4296875 0.009765625 0.046875
0 0.803466796875 0.4296875 0.02783203125 0.13671875
0 0.832275390625 0.4287109375 0.02783203125 0.13671875
0 0.614013671875 0.419921875 0.01123046875 0.0546875
0 0.609375 0.41845703125 0.0126953125 0.0634765625
0 0.010986328125 0.4541015625 0.02197265625 0.126953125
