0 0.514892578125 0.4296875 0.01513671875 0.07421875
0 0.52783203125 0.41943359375 0.015625 0.0771484375
0 0.5244140625 0.4296875 0.013671875 0.068359375
0 0.8984375 0.439453125 0.0400390625 0.197265625
0 0.946533203125 0.43408203125 0.03564453125 0.1748046875
0 0.987060546875 0.43994140625 0.02490234375 0.2373046875
0 0.14501953125 0.4248046875 0.01171875 0.060546875
0 0.112060546875 0.42431640625 0.01416015625 0.0712890625
0 0.049072265625 0.42626953125 0.01611328125 0.0810546875
0 0.062255859375 0.423828125 0.01611328125 0.080078125
