0 0.714599609375 0.4130859375 0.00927734375 0.046875
0 0.704833984375 0.427734375 0.01318359375 0.064453125
0 0.781005859375 0.44580078125 0.02685546875 0.1318359375
0 0.75146484375 0.44384765625 0.0302734375 0.1494140625
0 0.8486328125 0.43505859375 0.037109375 0.1806640625
0 0.6103515625 0.4248046875 0.0087890625 0.044921875
0 0.67138671875 0.43310546875 0.015625 0.0771484375
0 0.514892578125 0.447265625 0.01123046875 0.056640625
0 0.50732421875 0.43359375 0.017578125 0.0859375
0 0.369873046875 0.41162109375 0.01318359375 0.0654296875
0 0.359375 0.41015625 0.013671875 0.06640625
0 0.18017578125 0.4140625 0.017578125 0.0859375
