0 0.525390625 0.353515625 0.0166015625 0.08203125
0 0.515380859375 0.35498046875 0.01416015625 0.0693359375
0 0.544921875 0.35986328125 0.0166015625 0.0810546875
0 0.5556640625 0.36279296875 0.017578125 0.0888671875
0 0.567138671875 0.3681640625 0.01513671875 0.076171875
0 0.58935546875 0.36669921875 0.015625 0.0771484375
0 0.599853515625 0.35546875 0.01513671875 0.07421875
0 0.759033203125 0.35693359375 0.01416015625 0.0693359375
0 0.772216796875 0.35107421875 0.01318359375 0.0654296875
0 0.7822265625 0.36376953125 0.0166015625 0.0810546875
0 0.7900390625 0.3671875 0.015625 0.078125
0 0.17724609375 0.359375 0.0078125 0.041015625
0 0.18896484375 0.3486328125 0.0166015625 0.080078125
0 0.219482421875 0.37060546875 0.01416015625 0.0712890625
0 0.145751953125 0.37060546875 0.01904296875 0.0927734375
0 0.154052734375 0.36865234375 0.02001953125 0.1005859375
0 0.693359375 0.35986328125 0.013671875 0.0673828125
0 0.7041015625 0.36328125 0.017578125 0.087890625
0 0.7333984375 0.3623046875 0.015625 0.078125
0 0.72607421875 0.36669921875 0.015625 0.0791015625
