0 0.4208984375 0.43603515625 0.0068359375 0.0361328125
0 0.41162109375 0.4375 0.0087890625 0.044921875
0 0.436767578125 0.43359375 0.01025390625 0.05078125
0 0.44482421875 0.43359375 0.009765625 0.046875
0 0.474853515625 0.4326171875 0.00927734375 0.044921875
0 0.46240234375 0.43505859375 0.009765625 0.0478515625
0 0.46728515625 0.4365234375 0.0087890625 0.044921875
0 0.4541015625 0.43505859375 0.009765625 0.0498046875
0 0.427734375 0.4404296875 0.009765625 0.048828125
0 0.53173828125 0.4375 0.015625 0.076171875
0 0.61279296875 0.43359375 0.013671875 0.068359375
0 0.776123046875 0.42724609375 0.02197265625 0.1083984375
0 0.66650390625 0.4365234375 0.0146484375 0.0703125
0 0.658935546875 0.4345703125 0.01416015625 0.072265625
0 0.69384765625 0.431640625 0.0185546875 0.091796875
0 0.705322265625 0.43505859375 0.01904296875 0.0947265625
0 0.73779296875 0.4248046875 0.0224609375 0.111328125
0 0.7255859375 0.43408203125 0.01953125 0.0947265625
0 0.233642578125 0.44482421875 0.00732421875 0.0380859375
0 0.12841796875 0.46044921875 0.0146484375 0.0732421875
0 0.283447265625 0.4423828125 0.00927734375 0.046875
