0 0.661865234375 0.48291015625 0.02685546875 0.1337890625
0 0.702880859375 0.48193359375 0.03076171875 0.1494140625
0 0.654541015625 0.48876953125 0.03076171875 0.1513671875
0 0.684814453125 0.48974609375 0.02783203125 0.1376953125
0 0.699462890625 0.486328125 0.03173828125 0.158203125
0 0.744384765625 0.494140625 0.02587890625 0.126953125
0 0.81201171875 0.48876953125 0.0283203125 0.1416015625
0 0.801025390625 0.49658203125 0.03076171875 0.1533203125
0 0.835693359375 0.4970703125 0.02490234375 0.12109375
0 0.855712890625 0.4990234375 0.02490234375 0.123046875
0 0.86474609375 0.48828125 0.0322265625 0.158203125
