0 0.425048828125 0.419921875 0.01611328125 0.080078125
0 0.87109375 0.46484375 0.0546875 0.267578125
0 0.361328125 0.4326171875 0.0078125 0.0390625
0 0.326416015625 0.43505859375 0.00927734375 0.0458984375
0 0.306640625 0.427734375 0.0244140625 0.12109375
0 0.2861328125 0.4267578125 0.0244140625 0.119140625
0 0.070068359375 0.4091796875 0.01220703125 0.05859375
0 0.4775390625 0.43115234375 0.0078125 0.0380859375
0 0.484130859375 0.43408203125 0.00634765625 0.0322265625
0 0.572509765625 0.44189453125 0.01025390625 0.0517578125
