0 0.0712890625 0.43896484375 0.0146484375 0.0732421875
0 0.666015625 0.41845703125 0.017578125 0.0888671875
0 0.76416015625 0.4521484375 0.0703125 0.34375
0 0.74072265625 0.45947265625 0.0712890625 0.3486328125
0 0.707275390625 0.49462890625 0.11181640625 0.5478515625
0 0.9111328125 0.45947265625 0.072265625 0.3544921875
0 0.96435546875 0.474609375 0.0693359375 0.33984375
0 0.824462890625 0.4794921875 0.09326171875 0.45703125
0 0.957275390625 0.47314453125 0.07666015625 0.3759765625
0 0.55322265625 0.47119140625 0.06640625 0.3251953125
0 0.48974609375 0.4951171875 0.078125 0.3828125
0 0.401123046875 0.49560546875 0.06689453125 0.3271484375
