0 0.431640625 0.4150390625 0.005859375 0.03125
0 0.427490234375 0.4169921875 0.00537109375 0.02734375
0 0.418701171875 0.41650390625 0.00537109375 0.0263671875
0 0.410888671875 0.42431640625 0.00830078125 0.0439453125
0 0.40185546875 0.4091796875 0.005859375 0.029296875
0 0.31298828125 0.4287109375 0.0068359375 0.03515625
0 0.3046875 0.431640625 0.0068359375 0.033203125
0 0.575927734375 0.412109375 0.00927734375 0.046875
0 0.587646484375 0.4091796875 0.00927734375 0.048828125
0 0.5927734375 0.416015625 0.0146484375 0.072265625
0 0.60009765625 0.4052734375 0.009765625 0.048828125
0 0.3857421875 0.42236328125 0.0068359375 0.0341796875
0 0.32470703125 0.4326171875 0.005859375 0.029296875
