0 0.470458984375 0.42236328125 0.01708984375 0.0849609375
0 0.4912109375 0.4208984375 0.017578125 0.0859375
0 0.47802734375 0.42138671875 0.0166015625 0.0830078125
0 0.44384765625 0.42236328125 0.015625 0.0771484375
0 0.43310546875 0.42578125 0.0146484375 0.072265625
0 0.425537109375 0.42138671875 0.01611328125 0.0810546875
0 0.45654296875 0.42724609375 0.0146484375 0.0732421875
0 0.424560546875 0.42431640625 0.01806640625 0.0888671875
0 0.5810546875 0.42236328125 0.0166015625 0.0830078125
0 0.714599609375 0.4130859375 0.00927734375 0.048828125
0 0.373779296875 0.42333984375 0.01708984375 0.0849609375
0 0.3671875 0.4267578125 0.015625 0.078125
0 0.610107421875 0.42431640625 0.01806640625 0.0908203125
