0 0.253662109375 0.44970703125 0.00927734375 0.0478515625
0 0.26123046875 0.455078125 0.0078125 0.041015625
0 0.27001953125 0.458984375 0.0126953125 0.0625
0 0.224365234375 0.4677734375 0.01025390625 0.052734375
0 0.21044921875 0.4677734375 0.013671875 0.068359375
0 0.216552734375 0.466796875 0.01416015625 0.0703125
0 0.097412109375 0.4970703125 0.02783203125 0.13671875
0 0.018310546875 0.50341796875 0.03076171875 0.1533203125
0 0.04296875 0.498046875 0.033203125 0.1640625
0 0.47119140625 0.43505859375 0.0087890625 0.0439453125
0 0.527587890625 0.4296875 0.01318359375 0.064453125
0 0.5390625 0.4345703125 0.0146484375 0.072265625
0 0.515625 0.431640625 0.0126953125 0.0625
0 0.798583984375 0.43603515625 0.03857421875 0.1884765625
0 0.821533203125 0.4306640625 0.03759765625 0.18359375
0 0.657958984375 0.4482421875 0.03369140625 0.166015625
