0 0.39892578125 0.4892578125 0.0029296875 0.015625
0 0.395263671875 0.48779296875 0.00341796875 0.0185546875
0 0.306396484375 0.482421875 0.00830078125 0.041015625
0 0.248779296875 0.48974609375 0.00634765625 0.0322265625
0 0.2421875 0.4912109375 0.005859375 0.03125
0 0.10986328125 0.47119140625 0.015625 0.0771484375
0 0.077392578125 0.47314453125 0.01708984375 0.0830078125
0 0.09130859375 0.46875 0.0234375 0.115234375
0 0.564697265625 0.4599609375 0.00927734375 0.046875
0 0.640625 0.44775390625 0.0126953125 0.0634765625
0 0.688232421875 0.4560546875 0.02392578125 0.119140625
0 0.9248046875 0.43115234375 0.0283203125 0.1396484375
0 0.573486328125 0.45947265625 0.01025390625 0.0517578125
0 0.82763671875 0.43994140625 0.029296875 0.1435546875
