0 0.0458984375 0.4345703125 0.0263671875 0.130859375
0 0.1591796875 0.41748046875 0.01953125 0.0947265625
0 0.33154296875 0.421875 0.013671875 0.0703125
0 0.309814453125 0.42626953125 0.01416015625 0.0693359375
0 0.3134765625 0.43408203125 0.01953125 0.0947265625
0 0.339111328125 0.4423828125 0.02587890625 0.126953125
0 0.373046875 0.42041015625 0.01171875 0.0595703125
0 0.385498046875 0.42041015625 0.01416015625 0.0712890625
0 0.416259765625 0.42138671875 0.01220703125 0.0595703125
0 0.421630859375 0.41845703125 0.01318359375 0.0654296875
0 0.70263671875 0.43310546875 0.025390625 0.1240234375
0 0.44677734375 0.423828125 0.0107421875 0.0546875
0 0.4619140625 0.42138671875 0.01171875 0.0595703125
0 0.474609375 0.43212890625 0.017578125 0.0869140625
0 0.495361328125 0.4267578125 0.01025390625 0.052734375
0 0.510986328125 0.42724609375 0.00927734375 0.0458984375
0 0.484375 0.4208984375 0.01171875 0.05859375
0 0.4755859375 0.4365234375 0.0166015625 0.083984375
0 0.4560546875 0.435546875 0.017578125 0.087890625
