0 0.628662109375 0.43896484375 0.00830078125 0.0419921875
0 0.618896484375 0.43701171875 0.00830078125 0.0439453125
0 0.558349609375 0.44287109375 0.01025390625 0.0517578125
0 0.50830078125 0.45068359375 0.0107421875 0.0537109375
0 0.4677734375 0.45166015625 0.0126953125 0.0634765625
0 0.421875 0.45361328125 0.013671875 0.0673828125
0 0.245849609375 0.4609375 0.01220703125 0.060546875
0 0.2646484375 0.4619140625 0.015625 0.078125
0 0.259033203125 0.46728515625 0.02392578125 0.1181640625
0 0.229248046875 0.46435546875 0.01904296875 0.0927734375
0 0.810546875 0.43701171875 0.0107421875 0.0537109375
0 0.796875 0.43359375 0.0146484375 0.072265625
0 0.695556640625 0.44921875 0.01611328125 0.080078125
0 0.71044921875 0.44970703125 0.017578125 0.0869140625
0 0.72802734375 0.4462890625 0.0205078125 0.099609375
0 0.744140625 0.44482421875 0.0224609375 0.1103515625
0 0.75927734375 0.453125 0.0205078125 0.099609375
0 0.753662109375 0.443359375 0.02685546875 0.1328125
0 0.788818359375 0.4521484375 0.02978515625 0.146484375
0 0.82177734375 0.4453125 0.029296875 0.14453125
0 0.912109375 0.43115234375 0.0244140625 0.1220703125
0 0.8896484375 0.44970703125 0.0478515625 0.2333984375
0 0.966064453125 0.4443359375 0.05224609375 0.255859375
0 0.7392578125 0.4619140625 0.021484375 0.10546875
0 0.66845703125 0.439453125 0.0078125 0.041015625
