0 0.337158203125 0.4365234375 0.00537109375 0.02734375
0 0.316650390625 0.4404296875 0.00830078125 0.04296875
0 0.218505859375 0.44287109375 0.00634765625 0.0322265625
0 0.2119140625 0.44189453125 0.005859375 0.0322265625
0 0.202392578125 0.4404296875 0.00732421875 0.037109375
0 0.194091796875 0.439453125 0.00732421875 0.037109375
0 0.16259765625 0.43603515625 0.0087890625 0.0419921875
0 0.155517578125 0.4365234375 0.00830078125 0.041015625
0 0.1669921875 0.4375 0.0087890625 0.044921875
0 0.06591796875 0.431640625 0.009765625 0.048828125
0 0.072998046875 0.4287109375 0.00927734375 0.044921875
0 0.05810546875 0.42724609375 0.0107421875 0.0537109375
0 0.051025390625 0.42919921875 0.01025390625 0.0517578125
