0 0.2919921875 0.451171875 0.0185546875 0.091796875
0 0.27783203125 0.4521484375 0.01953125 0.095703125
0 0.095947265625 0.4609375 0.01708984375 0.0859375
0 0.08203125 0.458984375 0.01953125 0.095703125
0 0.18701171875 0.45458984375 0.0185546875 0.0888671875
0 0.1767578125 0.47119140625 0.0234375 0.1142578125
0 0.46240234375 0.44580078125 0.0166015625 0.0830078125
0 0.440673828125 0.4423828125 0.01806640625 0.091796875
0 0.4267578125 0.447265625 0.015625 0.078125
0 0.383544921875 0.44921875 0.02197265625 0.109375
0 0.39794921875 0.44921875 0.0224609375 0.109375
0 0.4072265625 0.4541015625 0.0224609375 0.111328125
0 0.500244140625 0.443359375 0.01708984375 0.083984375
0 0.812744140625 0.42724609375 0.02685546875 0.1318359375
0 0.861083984375 0.4248046875 0.02490234375 0.12109375
0 0.9716796875 0.4111328125 0.0185546875 0.091796875
0 0.90380859375 0.4169921875 0.0166015625 0.08203125
