0 0.523193359375 0.4072265625 0.00439453125 0.0234375
0 0.557373046875 0.42724609375 0.01220703125 0.0595703125
0 0.5546875 0.42822265625 0.01171875 0.0595703125
0 0.656982421875 0.4423828125 0.03466796875 0.169921875
0 0.679931640625 0.44873046875 0.03173828125 0.1552734375
0 0.71435546875 0.44775390625 0.0302734375 0.1494140625
0 0.768310546875 0.4619140625 0.01611328125 0.080078125
0 0.75927734375 0.42333984375 0.0302734375 0.1494140625
0 0.755859375 0.4423828125 0.033203125 0.1640625
0 0.78857421875 0.44189453125 0.033203125 0.1630859375
0 0.80859375 0.4306640625 0.0341796875 0.16796875
0 0.087646484375 0.46337890625 0.01513671875 0.0751953125
