0 0.4833984375 0.4228515625 0.009765625 0.05078125
0 0.4091796875 0.419921875 0.0107421875 0.052734375
0 0.11181640625 0.42431640625 0.0283203125 0.1396484375
0 0.18115234375 0.43017578125 0.0263671875 0.1279296875
0 0.143798828125 0.42236328125 0.02880859375 0.1416015625
0 0.154052734375 0.455078125 0.01904296875 0.09375
0 0.013671875 0.44091796875 0.02734375 0.1904296875
0 0.071044921875 0.447265625 0.03759765625 0.185546875
0 0.045166015625 0.478515625 0.02587890625 0.12890625
0 0.34521484375 0.4169921875 0.0126953125 0.0625
0 0.353515625 0.416015625 0.013671875 0.068359375
0 0.72265625 0.42138671875 0.0068359375 0.0341796875
0 0.741455078125 0.42041015625 0.00732421875 0.0361328125
0 0.734130859375 0.42041015625 0.00927734375 0.0458984375
0 0.751708984375 0.423828125 0.00927734375 0.046875
0 0.759033203125 0.42919921875 0.01416015625 0.0693359375
0 0.7646484375 0.43505859375 0.0234375 0.1142578125
0 0.79443359375 0.43408203125 0.0361328125 0.1767578125
0 0.824462890625 0.439453125 0.03271484375 0.16015625
0 0.70458984375 0.43212890625 0.0146484375 0.0732421875
0 0.603271484375 0.43701171875 0.01904296875 0.0927734375
