0 0.0712890625 0.47314453125 0.0087890625 0.0458984375
0 0.124267578125 0.46826171875 0.00927734375 0.0478515625
0 0.1767578125 0.46484375 0.0078125 0.041015625
0 0.224365234375 0.458984375 0.01123046875 0.056640625
0 0.22802734375 0.46142578125 0.0107421875 0.0537109375
0 0.30419921875 0.45361328125 0.0087890625 0.0439453125
0 0.333251953125 0.45166015625 0.00927734375 0.0478515625
0 0.506103515625 0.44482421875 0.00927734375 0.0458984375
0 0.49658203125 0.451171875 0.0126953125 0.0625
0 0.484619140625 0.45068359375 0.01318359375 0.0654296875
0 0.561767578125 0.44677734375 0.00439453125 0.0224609375
0 0.5654296875 0.44091796875 0.005859375 0.0322265625
0 0.570068359375 0.439453125 0.00537109375 0.029296875
0 0.97509765625 0.419921875 0.0185546875 0.091796875
0 0.992919921875 0.43798828125 0.01318359375 0.1201171875
