0 0.35546875 0.431640625 0.015625 0.076171875
0 0.3330078125 0.4287109375 0.0166015625 0.08203125
0 0.213623046875 0.4326171875 0.01708984375 0.083984375
0 0.313720703125 0.41845703125 0.01513671875 0.0751953125
0 0.220703125 0.4287109375 0.0224609375 0.111328125
0 0.909912109375 0.43310546875 0.03271484375 0.1611328125
0 0.895751953125 0.4267578125 0.03759765625 0.185546875
0 0.857666015625 0.470703125 0.07763671875 0.37890625
0 0.008544921875 0.44482421875 0.01708984375 0.1611328125
0 0.039794921875 0.43994140625 0.03564453125 0.1767578125
0 0.955078125 0.4404296875 0.0322265625 0.16015625
