0 0.65771484375 0.43115234375 0.01171875 0.0576171875
0 0.679443359375 0.43896484375 0.02197265625 0.1083984375
0 0.74560546875 0.435546875 0.01953125 0.095703125
0 0.7353515625 0.43701171875 0.0234375 0.1162109375
0 0.5439453125 0.42822265625 0.005859375 0.0302734375
0 0.444580078125 0.4326171875 0.01220703125 0.060546875
0 0.417724609375 0.42822265625 0.01416015625 0.0693359375
0 0.410888671875 0.43115234375 0.01416015625 0.0712890625
0 0.3720703125 0.4384765625 0.0185546875 0.091796875
0 0.357421875 0.43994140625 0.01953125 0.0947265625
0 0.350341796875 0.4384765625 0.02001953125 0.099609375
0 0.227783203125 0.44921875 0.02880859375 0.140625
0 0.967529296875 0.45947265625 0.05908203125 0.2900390625
0 0.896484375 0.47021484375 0.0537109375 0.2646484375
0 0.3798828125 0.431640625 0.0166015625 0.08203125
