0 0.0986328125 0.4287109375 0.0087890625 0.044921875
0 0.127197265625 0.4287109375 0.00830078125 0.041015625
0 0.224365234375 0.435546875 0.01416015625 0.072265625
0 0.2158203125 0.44189453125 0.0126953125 0.0634765625
0 0.1435546875 0.431640625 0.0087890625 0.044921875
0 0.103515625 0.44482421875 0.0126953125 0.0634765625
0 0.188232421875 0.44140625 0.01806640625 0.08984375
0 0.176513671875 0.44384765625 0.01806640625 0.0908203125
0 0.160888671875 0.44580078125 0.01904296875 0.0947265625
0 0.092041015625 0.45166015625 0.01220703125 0.0615234375
0 0.075439453125 0.453125 0.02587890625 0.126953125
0 0.04541015625 0.443359375 0.0126953125 0.064453125
0 0.03759765625 0.443359375 0.0126953125 0.0625
0 0.025390625 0.44775390625 0.01171875 0.0595703125
0 0.033935546875 0.48291015625 0.03369140625 0.1650390625
0 0.312744140625 0.44287109375 0.01904296875 0.0947265625
0 0.294677734375 0.43994140625 0.01904296875 0.0947265625
0 0.359130859375 0.4287109375 0.01318359375 0.06640625
0 0.37548828125 0.43212890625 0.01953125 0.0986328125
0 0.365234375 0.44482421875 0.021484375 0.1064453125
0 0.404296875 0.43310546875 0.0146484375 0.0732421875
0 0.3974609375 0.43798828125 0.017578125 0.0888671875
0 0.393310546875 0.43896484375 0.01806640625 0.0908203125
0 0.39013671875 0.43505859375 0.0205078125 0.1005859375
0 0.431396484375 0.45263671875 0.01416015625 0.0712890625
0 0.4248046875 0.439453125 0.01953125 0.09765625
0 0.525634765625 0.40478515625 0.00830078125 0.0419921875
0 0.52001953125 0.4111328125 0.005859375 0.03125
0 0.52880859375 0.4169921875 0.009765625 0.048828125
0 0.522705078125 0.41796875 0.00927734375 0.046875
0 0.537109375 0.419921875 0.0126953125 0.064453125
0 0.55126953125 0.41357421875 0.0107421875 0.0537109375
0 0.5537109375 0.42138671875 0.01171875 0.0576171875
0 0.5595703125 0.4228515625 0.01171875 0.05859375
0 0.57763671875 0.41845703125 0.0107421875 0.0537109375
0 0.772216796875 0.447265625 0.03564453125 0.173828125
0 0.978759765625 0.46337890625 0.04150390625 0.3681640625
0 0.76123046875 0.44580078125 0.0234375 0.1162109375
