0 0.42138671875 0.43115234375 0.021484375 0.1064453125
0 0.40869140625 0.43310546875 0.01953125 0.0986328125
0 0.48779296875 0.44189453125 0.0185546875 0.0908203125
0 0.569580078125 0.44140625 0.02197265625 0.109375
0 0.540771484375 0.44580078125 0.02197265625 0.1103515625
0 0.372314453125 0.47314453125 0.03662109375 0.1806640625
0 0.3623046875 0.4833984375 0.0380859375 0.185546875
0 0.47802734375 0.482421875 0.03125 0.154296875
0 0.650146484375 0.46240234375 0.03759765625 0.1865234375
0 0.652099609375 0.462890625 0.04052734375 0.19921875
0 0.75146484375 0.4375 0.0537109375 0.263671875
0 0.474609375 0.47412109375 0.0380859375 0.1884765625
