0 0.37255859375 0.3916015625 0.015625 0.076171875
0 0.35693359375 0.38623046875 0.017578125 0.0869140625
0 0.3173828125 0.43701171875 0.0361328125 0.1767578125
0 0.350830078125 0.43896484375 0.03564453125 0.1767578125
0 0.3037109375 0.447265625 0.0400390625 0.197265625
0 0.2490234375 0.439453125 0.0283203125 0.138671875
0 0.23046875 0.4384765625 0.0419921875 0.208984375
0 0.267333984375 0.4462890625 0.04443359375 0.220703125
0 0.71337890625 0.45849609375 0.044921875 0.2197265625
0 0.852294921875 0.45166015625 0.05029296875 0.2451171875
