0 0.60400390625 0.3935546875 0.01171875 0.05859375
0 0.296875 0.39990234375 0.0078125 0.0400390625
0 0.283935546875 0.40283203125 0.00634765625 0.0341796875
0 0.500732421875 0.41796875 0.02783203125 0.138671875
0 0.49853515625 0.42626953125 0.029296875 0.1455078125
0 0.5244140625 0.4326171875 0.0302734375 0.1484375
0 0.485107421875 0.4306640625 0.02978515625 0.146484375
0 0.638427734375 0.41845703125 0.02197265625 0.1083984375
0 0.77783203125 0.408203125 0.01953125 0.09765625
0 0.806640625 0.41650390625 0.0205078125 0.1025390625
0 0.162353515625 0.43798828125 0.02392578125 0.1181640625
0 0.15087890625 0.43701171875 0.0224609375 0.1103515625
0 0.142578125 0.42529296875 0.029296875 0.1455078125
0 0.11279296875 0.4296875 0.0263671875 0.130859375
0 0.108154296875 0.42236328125 0.03759765625 0.1845703125
0 0.672119140625 0.43115234375 0.02783203125 0.1357421875
