0 0.08203125 0.43017578125 0.0146484375 0.0732421875
0 0.202392578125 0.43115234375 0.01025390625 0.0517578125
0 0.25732421875 0.427734375 0.0107421875 0.0546875
0 0.265625 0.42529296875 0.01171875 0.0595703125
0 0.31103515625 0.41796875 0.0087890625 0.044921875
0 0.466552734375 0.41015625 0.00439453125 0.021484375
0 0.523681640625 0.40380859375 0.00439453125 0.0224609375
0 0.527587890625 0.40625 0.00341796875 0.015625
0 0.636962890625 0.40625 0.01025390625 0.05078125
0 0.6884765625 0.40625 0.017578125 0.087890625
0 0.695068359375 0.4248046875 0.02783203125 0.13671875
0 0.704345703125 0.4296875 0.02685546875 0.1328125
0 0.666748046875 0.4208984375 0.02685546875 0.134765625
0 0.676025390625 0.42138671875 0.02783203125 0.1376953125
0 0.755126953125 0.40478515625 0.02001953125 0.0986328125
