0 0.48046875 0.46826171875 0.0107421875 0.0556640625
0 0.38623046875 0.47802734375 0.009765625 0.0478515625
0 0.37451171875 0.4775390625 0.0087890625 0.044921875
0 0.223388671875 0.45751953125 0.02099609375 0.1044921875
0 0.26220703125 0.46337890625 0.0185546875 0.0927734375
0 0.275146484375 0.45703125 0.02294921875 0.11328125
0 0.697265625 0.4765625 0.0400390625 0.197265625
0 0.686767578125 0.48193359375 0.04345703125 0.2119140625
0 0.75244140625 0.4658203125 0.0458984375 0.2265625
0 0.853759765625 0.4794921875 0.08447265625 0.4140625
0 0.89599609375 0.55419921875 0.0546875 0.2685546875
0 0.801025390625 0.50732421875 0.08251953125 0.4033203125
0 0.773681640625 0.51611328125 0.08837890625 0.4306640625
0 0.3095703125 0.49072265625 0.0673828125 0.3310546875
0 0.404296875 0.48828125 0.005859375 0.03125
