0 0.568603515625 0.421875 0.00634765625 0.03125
0 0.47607421875 0.423828125 0.0068359375 0.03515625
0 0.457275390625 0.41796875 0.00732421875 0.03515625
0 0.449951171875 0.42529296875 0.00830078125 0.0419921875
0 0.425048828125 0.42041015625 0.00830078125 0.0419921875
0 0.621337890625 0.435546875 0.01123046875 0.0546875
0 0.62939453125 0.43505859375 0.0126953125 0.0634765625
0 0.638916015625 0.43408203125 0.01123046875 0.0556640625
0 0.6484375 0.43115234375 0.0107421875 0.0537109375
0 0.693359375 0.43896484375 0.01953125 0.0966796875
