0 0.715576171875 0.4248046875 0.01416015625 0.0703125
0 0.779296875 0.421875 0.0126953125 0.064453125
0 0.792724609375 0.4169921875 0.02001953125 0.09765625
0 0.65869140625 0.427734375 0.0087890625 0.044921875
0 0.498779296875 0.4306640625 0.01611328125 0.08203125
0 0.45166015625 0.42578125 0.0263671875 0.12890625
0 0.374267578125 0.43359375 0.04443359375 0.216796875
0 0.50927734375 0.42822265625 0.015625 0.0771484375
0 0.330078125 0.4404296875 0.0419921875 0.205078125
0 0.728759765625 0.42626953125 0.01318359375 0.0654296875
0 0.735107421875 0.42529296875 0.01513671875 0.0751953125
