0 0.44580078125 0.43408203125 0.0146484375 0.0732421875
0 0.51904296875 0.42333984375 0.005859375 0.0283203125
0 0.509765625 0.42431640625 0.005859375 0.0302734375
0 0.287109375 0.42578125 0.017578125 0.087890625
0 0.488037109375 0.439453125 0.02880859375 0.142578125
0 0.495849609375 0.4501953125 0.02490234375 0.123046875
0 0.08056640625 0.5068359375 0.1005859375 0.4921875
0 0.052734375 0.51513671875 0.10546875 0.5517578125
0 0.956787109375 0.4736328125 0.06787109375 0.333984375
0 0.260986328125 0.42822265625 0.02001953125 0.0966796875
0 0.613525390625 0.43212890625 0.01416015625 0.0693359375
