0 0.03173828125 0.41162109375 0.021484375 0.1064453125
0 0.343505859375 0.40625 0.00927734375 0.046875
0 0.435791015625 0.400390625 0.01611328125 0.080078125
0 0.417724609375 0.4267578125 0.02587890625 0.12890625
0 0.375732421875 0.4287109375 0.04931640625 0.2421875
0 0.961669921875 0.419921875 0.02392578125 0.119140625
0 0.143798828125 0.39990234375 0.02001953125 0.0986328125
0 0.890869140625 0.43505859375 0.02978515625 0.1474609375
0 0.870849609375 0.4326171875 0.02685546875 0.130859375
0 0.858642578125 0.4560546875 0.03564453125 0.173828125
0 0.884033203125 0.443359375 0.03857421875 0.189453125
0 0.883544921875 0.48046875 0.02392578125 0.119140625
0 0.91064453125 0.44873046875 0.037109375 0.1826171875
0 0.13720703125 0.40087890625 0.0205078125 0.1025390625
0 0.166259765625 0.3955078125 0.01904296875 0.095703125
0 0.16162109375 0.40185546875 0.01953125 0.0947265625
0 0.663330078125 0.43115234375 0.01904296875 0.0947265625
0 0.64453125 0.42724609375 0.0283203125 0.1376953125
0 0.606689453125 0.4375 0.02587890625 0.12890625
0 0.613525390625 0.4501953125 0.03076171875 0.150390625
0 0.5107421875 0.42431640625 0.02734375 0.1357421875
0 0.499755859375 0.44482421875 0.03955078125 0.1943359375
0 0.497314453125 0.44970703125 0.04150390625 0.2041015625
0 0.46826171875 0.45849609375 0.0458984375 0.2255859375
0 0.57373046875 0.4453125 0.0390625 0.19140625
0 0.69482421875 0.42431640625 0.025390625 0.1259765625
0 0.6865234375 0.44921875 0.0341796875 0.16796875
0 0.717041015625 0.44580078125 0.03662109375 0.1806640625
0 0.58740234375 0.4384765625 0.044921875 0.21875
0 0.264404296875 0.4697265625 0.05615234375 0.275390625
0 0.98974609375 0.42138671875 0.01953125 0.1044921875
0 0.837646484375 0.43896484375 0.04052734375 0.2001953125
0 0.204345703125 0.4697265625 0.05517578125 0.271484375
0 0.526611328125 0.45361328125 0.04833984375 0.2373046875
0 0.432373046875 0.46240234375 0.01611328125 0.0810546875
0 0.4091796875 0.44873046875 0.04296875 0.2119140625
