0 0.69970703125 0.421875 0.013671875 0.068359375
0 0.70947265625 0.42041015625 0.013671875 0.0673828125
0 0.73681640625 0.421875 0.015625 0.078125
0 0.507080078125 0.40478515625 0.00927734375 0.0458984375
0 0.503173828125 0.40478515625 0.00927734375 0.0478515625
0 0.49365234375 0.408203125 0.0087890625 0.04296875
0 0.486572265625 0.40625 0.00927734375 0.044921875
0 0.474609375 0.4072265625 0.0087890625 0.044921875
0 0.481201171875 0.40625 0.00927734375 0.046875
0 0.1416015625 0.4453125 0.0576171875 0.283203125
0 0.22314453125 0.4306640625 0.0263671875 0.12890625
