0 0.53857421875 0.4091796875 0.0078125 0.0390625
0 0.6240234375 0.41015625 0.013671875 0.068359375
0 0.631591796875 0.41357421875 0.01416015625 0.0693359375
0 0.65185546875 0.40771484375 0.0185546875 0.0927734375
0 0.67138671875 0.40869140625 0.017578125 0.0888671875
0 0.691162109375 0.4111328125 0.01513671875 0.07421875
0 0.73583984375 0.4150390625 0.02734375 0.134765625
0 0.75732421875 0.41015625 0.0244140625 0.12109375
0 0.204345703125 0.42236328125 0.02587890625 0.1279296875
0 0.19921875 0.4140625 0.0341796875 0.16796875
0 0.099365234375 0.4150390625 0.03955078125 0.193359375
0 0.014404296875 0.42919921875 0.02880859375 0.1923828125
