0 0.547607421875 0.38720703125 0.00830078125 0.0419921875
0 0.57373046875 0.39404296875 0.0087890625 0.0439453125
0 0.535400390625 0.416015625 0.00732421875 0.037109375
0 0.458740234375 0.408203125 0.01611328125 0.080078125
0 0.451416015625 0.4150390625 0.01513671875 0.07421875
0 0.7333984375 0.4404296875 0.0439453125 0.216796875
0 0.38818359375 0.4306640625 0.0224609375 0.109375
0 0.374267578125 0.43017578125 0.02294921875 0.1142578125
0 0.578125 0.4111328125 0.01171875 0.05859375
0 0.572021484375 0.41943359375 0.01416015625 0.0712890625
0 0.556884765625 0.4150390625 0.01806640625 0.08984375
