0 0.6298828125 0.40478515625 0.0146484375 0.0732421875
0 0.65283203125 0.41064453125 0.013671875 0.0673828125
0 0.75439453125 0.42041015625 0.01953125 0.0966796875
0 0.98095703125 0.42041015625 0.0205078125 0.1005859375
0 0.810302734375 0.43017578125 0.02001953125 0.0986328125
0 0.833984375 0.43603515625 0.02734375 0.1337890625
0 0.686767578125 0.43212890625 0.02392578125 0.1181640625
0 0.721923828125 0.43310546875 0.02685546875 0.1318359375
0 0.242431640625 0.4326171875 0.02197265625 0.109375
0 0.25732421875 0.4267578125 0.0224609375 0.109375
0 0.27734375 0.44189453125 0.02734375 0.1357421875
0 0.26708984375 0.44873046875 0.03125 0.1552734375
0 0.288330078125 0.44384765625 0.02783203125 0.1376953125
0 0.133544921875 0.45263671875 0.03857421875 0.1904296875
0 0.15283203125 0.46435546875 0.03515625 0.1728515625
0 0.1630859375 0.48681640625 0.046875 0.2314453125
0 0.105224609375 0.5 0.05029296875 0.24609375
0 0.01416015625 0.44287109375 0.0234375 0.1142578125
0 0.05810546875 0.47802734375 0.037109375 0.1806640625
0 0.026611328125 0.51025390625 0.04638671875 0.2275390625
0 0.297607421875 0.4453125 0.03271484375 0.16015625
