0 0.06005859375 0.44580078125 0.009765625 0.0478515625
0 0.339111328125 0.4580078125 0.00927734375 0.046875
0 0.052490234375 0.44384765625 0.01025390625 0.0517578125
0 0.350341796875 0.44873046875 0.01611328125 0.0791015625
0 0.360595703125 0.4462890625 0.01708984375 0.083984375
0 0.42919921875 0.45849609375 0.0107421875 0.0537109375
0 0.474853515625 0.45849609375 0.00927734375 0.0439453125
0 0.55859375 0.466796875 0.015625 0.078125
0 0.57421875 0.466796875 0.0146484375 0.07421875
0 0.517333984375 0.45947265625 0.01806640625 0.0888671875
0 0.50439453125 0.474609375 0.0126953125 0.0625
0 0.787841796875 0.47119140625 0.02685546875 0.1337890625
0 0.89501953125 0.4833984375 0.0390625 0.193359375
0 0.9306640625 0.470703125 0.0458984375 0.2265625
0 0.099853515625 0.44091796875 0.01025390625 0.0517578125
0 0.110595703125 0.43994140625 0.01123046875 0.0556640625
0 0.148681640625 0.4443359375 0.01025390625 0.05078125
0 0.161376953125 0.44384765625 0.01123046875 0.0556640625
0 0.23974609375 0.45751953125 0.009765625 0.0498046875
0 0.233642578125 0.4580078125 0.01025390625 0.052734375
0 0.206298828125 0.44677734375 0.01318359375 0.0634765625
0 0.19140625 0.4423828125 0.013671875 0.068359375
