0 0.559326171875 0.40087890625 0.00732421875 0.0361328125
0 0.57275390625 0.4033203125 0.0068359375 0.033203125
0 0.355224609375 0.4091796875 0.00830078125 0.04296875
0 0.178466796875 0.41259765625 0.02197265625 0.1103515625
0 0.184326171875 0.43798828125 0.03076171875 0.1494140625
0 0.218505859375 0.439453125 0.02880859375 0.142578125
0 0.109619140625 0.4296875 0.02490234375 0.12109375
0 0.1357421875 0.4404296875 0.0322265625 0.158203125
0 0.322265625 0.43505859375 0.0234375 0.1162109375
0 0.8603515625 0.3818359375 0.0322265625 0.16015625
0 0.936767578125 0.3759765625 0.03173828125 0.15625
0 0.986083984375 0.3896484375 0.02685546875 0.263671875
0 0.055419921875 0.44140625 0.03076171875 0.15234375
0 0.37353515625 0.52294921875 0.0986328125 0.4833984375
