0 0.016357421875 0.46826171875 0.03271484375 0.1611328125
0 0.03857421875 0.4619140625 0.0380859375 0.185546875
0 0.21728515625 0.462890625 0.0322265625 0.16015625
0 0.151123046875 0.49560546875 0.05517578125 0.2685546875
0 0.09765625 0.47314453125 0.0712890625 0.3505859375
0 0.8203125 0.50927734375 0.05859375 0.2861328125
0 0.741455078125 0.5 0.06591796875 0.32421875
0 0.673828125 0.51171875 0.076171875 0.373046875
0 0.52197265625 0.46240234375 0.041015625 0.2021484375
0 0.548095703125 0.4609375 0.04345703125 0.212890625
