0 0.49951171875 0.4462890625 0.015625 0.078125
0 0.775146484375 0.43896484375 0.01513671875 0.0732421875
0 0.795166015625 0.44677734375 0.01416015625 0.0693359375
0 0.820556640625 0.43212890625 0.01416015625 0.0712890625
0 0.932373046875 0.43212890625 0.02001953125 0.1005859375
0 0.947021484375 0.43896484375 0.01708984375 0.0849609375
0 0.993408203125 0.43505859375 0.01220703125 0.0947265625
0 0.467529296875 0.43701171875 0.00439453125 0.0224609375
0 0.4697265625 0.43798828125 0.0048828125 0.0244140625
0 0.462646484375 0.43701171875 0.00537109375 0.0263671875
0 0.11083984375 0.44873046875 0.0244140625 0.1201171875
0 0.47998046875 0.44384765625 0.017578125 0.0869140625
