0 0.46533203125 0.4580078125 0.0244140625 0.119140625
0 0.469482421875 0.46044921875 0.02392578125 0.1181640625
0 0.490966796875 0.4638671875 0.01904296875 0.095703125
0 0.501953125 0.45703125 0.02734375 0.134765625
0 0.56689453125 0.447265625 0.021484375 0.107421875
0 0.554931640625 0.45556640625 0.02490234375 0.1240234375
0 0.593994140625 0.451171875 0.02587890625 0.126953125
0 0.58935546875 0.45703125 0.0244140625 0.119140625
0 0.708251953125 0.44580078125 0.03271484375 0.1591796875
0 0.64794921875 0.4521484375 0.0234375 0.115234375
0 0.919189453125 0.45751953125 0.02099609375 0.1044921875
0 0.765869140625 0.45068359375 0.03369140625 0.1650390625
0 0.234619140625 0.47216796875 0.02685546875 0.1298828125
