0 0.500244140625 0.43798828125 0.02392578125 0.1181640625
0 0.53076171875 0.4375 0.025390625 0.126953125
0 0.534423828125 0.4326171875 0.02783203125 0.138671875
0 0.694091796875 0.43359375 0.01220703125 0.0625
0 0.669189453125 0.43896484375 0.01806640625 0.0908203125
0 0.642333984375 0.43994140625 0.01806640625 0.0888671875
0 0.622314453125 0.43701171875 0.02099609375 0.1044921875
0 0.63623046875 0.43212890625 0.0234375 0.1162109375
0 0.924072265625 0.43359375 0.02099609375 0.103515625
0 0.95166015625 0.44384765625 0.041015625 0.2001953125
0 0.87158203125 0.52392578125 0.1318359375 0.6435546875
0 0.74365234375 0.51513671875 0.1005859375 0.4912109375
0 0.583251953125 0.54150390625 0.11865234375 0.5810546875
0 0.4111328125 0.4736328125 0.05859375 0.28515625
0 0.132568359375 0.4306640625 0.04248046875 0.20703125
0 0.14111328125 0.4326171875 0.041015625 0.201171875
0 0.3564453125 0.537109375 0.11328125 0.5546875
0 0.05322265625 0.51953125 0.1064453125 0.78515625
0 0.19140625 0.53515625 0.1025390625 0.501953125
