0 0.44091796875 0.423828125 0.0087890625 0.04296875
0 0.453857421875 0.42333984375 0.00830078125 0.0419921875
0 0.46630859375 0.42431640625 0.0078125 0.0400390625
0 0.490478515625 0.4248046875 0.01318359375 0.06640625
0 0.588134765625 0.41845703125 0.01220703125 0.0615234375
0 0.2392578125 0.4169921875 0.0224609375 0.111328125
0 0.25244140625 0.41357421875 0.0244140625 0.1181640625
0 0.658203125 0.419921875 0.017578125 0.087890625
0 0.801025390625 0.447265625 0.03564453125 0.173828125
0 0.83056640625 0.439453125 0.0380859375 0.185546875
0 0.091796875 0.4287109375 0.025390625 0.126953125
0 0.010009765625 0.443359375 0.02001953125 0.1875
0 0.048828125 0.41748046875 0.046875 0.2294921875
