0 0.673095703125 0.4189453125 0.00927734375 0.046875
0 0.70166015625 0.4287109375 0.009765625 0.048828125
0 0.7119140625 0.4267578125 0.0107421875 0.052734375
0 0.722412109375 0.43310546875 0.01123046875 0.0556640625
0 0.7373046875 0.4296875 0.01171875 0.05859375
0 0.740478515625 0.43994140625 0.01708984375 0.0849609375
0 0.987548828125 0.41845703125 0.02392578125 0.1669921875
0 0.965576171875 0.4248046875 0.02587890625 0.126953125
0 0.48779296875 0.4287109375 0.0107421875 0.0546875
0 0.463623046875 0.42822265625 0.01513671875 0.0751953125
