0 0.382080078125 0.43212890625 0.01708984375 0.0830078125
0 0.57763671875 0.42431640625 0.013671875 0.0673828125
0 0.33740234375 0.4306640625 0.017578125 0.087890625
0 0.637939453125 0.43798828125 0.01611328125 0.0810546875
0 0.64599609375 0.4267578125 0.0234375 0.115234375
0 0.666259765625 0.43017578125 0.02197265625 0.1083984375
0 0.728271484375 0.4306640625 0.03955078125 0.1953125
0 0.73828125 0.44091796875 0.044921875 0.2197265625
0 0.863525390625 0.43505859375 0.04638671875 0.2275390625
0 0.8310546875 0.44384765625 0.0458984375 0.2275390625
0 0.212158203125 0.44970703125 0.02685546875 0.1318359375
0 0.03662109375 0.48583984375 0.064453125 0.3173828125
0 0.438232421875 0.435546875 0.02197265625 0.109375
