0 0.572021484375 0.42822265625 0.01025390625 0.0517578125
0 0.571044921875 0.42333984375 0.00439453125 0.0224609375
0 0.6005859375 0.44580078125 0.0126953125 0.0634765625
0 0.629638671875 0.43994140625 0.01025390625 0.0537109375
0 0.637451171875 0.4326171875 0.00830078125 0.04296875
0 0.76513671875 0.43115234375 0.0146484375 0.0732421875
0 0.802978515625 0.42626953125 0.01416015625 0.0693359375
0 0.665283203125 0.478515625 0.03271484375 0.16015625
0 0.682861328125 0.47998046875 0.03173828125 0.1552734375
0 0.84375 0.43115234375 0.0302734375 0.1494140625
0 0.957763671875 0.4541015625 0.04345703125 0.212890625
