0 0.555908203125 0.4306640625 0.00634765625 0.033203125
0 0.565185546875 0.4287109375 0.00732421875 0.037109375
0 0.576416015625 0.4306640625 0.00927734375 0.044921875
0 0.586181640625 0.43212890625 0.01123046875 0.0576171875
0 0.446044921875 0.42724609375 0.00732421875 0.0361328125
0 0.43603515625 0.42919921875 0.0078125 0.0380859375
0 0.4287109375 0.42724609375 0.0087890625 0.0439453125
0 0.37158203125 0.4296875 0.0126953125 0.0625
0 0.37841796875 0.43115234375 0.0126953125 0.0634765625
0 0.3857421875 0.42724609375 0.0146484375 0.0732421875
0 0.349365234375 0.43408203125 0.01416015625 0.0712890625
0 0.329345703125 0.42822265625 0.01513671875 0.0751953125
0 0.339599609375 0.4423828125 0.02099609375 0.103515625
0 0.3212890625 0.4287109375 0.0146484375 0.072265625
0 0.635986328125 0.43505859375 0.01513671875 0.0751953125
0 0.869140625 0.45556640625 0.0302734375 0.1494140625
0 0.908447265625 0.45068359375 0.02978515625 0.1455078125
0 0.922607421875 0.447265625 0.03076171875 0.150390625
0 0.90380859375 0.4541015625 0.0341796875 0.16796875
0 0.955810546875 0.4580078125 0.03466796875 0.169921875
0 0.98974609375 0.46875 0.01953125 0.189453125
0 0.860595703125 0.45458984375 0.03759765625 0.1845703125
0 0.81396484375 0.45654296875 0.0361328125 0.1767578125
