0 0.488525390625 0.44384765625 0.02392578125 0.1181640625
0 0.471923828125 0.44140625 0.02685546875 0.1328125
0 0.652099609375 0.427734375 0.02490234375 0.123046875
0 0.759033203125 0.43212890625 0.01708984375 0.0849609375
0 0.78662109375 0.43115234375 0.0263671875 0.1298828125
0 0.8076171875 0.4296875 0.0283203125 0.138671875
0 0.8857421875 0.43212890625 0.0205078125 0.1005859375
0 0.06640625 0.44775390625 0.05078125 0.2470703125
0 0.460693359375 0.47021484375 0.05810546875 0.2841796875
0 0.5224609375 0.4794921875 0.05859375 0.287109375
0 0.6103515625 0.4365234375 0.072265625 0.353515625
0 0.616455078125 0.4677734375 0.06396484375 0.3125
0 0.689208984375 0.44140625 0.07861328125 0.384765625
0 0.7099609375 0.5029296875 0.0908203125 0.443359375
0 0.737060546875 0.49951171875 0.10400390625 0.5087890625
0 0.833251953125 0.513671875 0.09228515625 0.451171875
0 0.150634765625 0.51025390625 0.13818359375 0.6748046875
