0 0.5908203125 0.45751953125 0.015625 0.0771484375
0 0.601318359375 0.45751953125 0.01513671875 0.0751953125
0 0.330322265625 0.47412109375 0.02685546875 0.1337890625
0 0.308837890625 0.47509765625 0.03271484375 0.1591796875
0 0.67919921875 0.4697265625 0.03125 0.15234375
0 0.65576171875 0.47216796875 0.03125 0.1533203125
0 0.6337890625 0.46484375 0.033203125 0.162109375
0 0.24365234375 0.478515625 0.0263671875 0.130859375
0 0.279296875 0.47705078125 0.029296875 0.1435546875
0 0.272705078125 0.4775390625 0.02978515625 0.14453125
0 0.231201171875 0.4765625 0.02880859375 0.140625
0 0.341796875 0.4833984375 0.02734375 0.134765625
