0 0.279541015625 0.42138671875 0.01220703125 0.0595703125
0 0.32080078125 0.4296875 0.013671875 0.068359375
0 0.228515625 0.4267578125 0.01171875 0.05859375
0 0.171630859375 0.42626953125 0.01318359375 0.0634765625
0 0.14892578125 0.42822265625 0.017578125 0.0869140625
0 0.050048828125 0.44775390625 0.02587890625 0.1279296875
0 0.01220703125 0.45263671875 0.0244140625 0.1298828125
0 0.382568359375 0.44775390625 0.04345703125 0.2138671875
0 0.54443359375 0.455078125 0.05078125 0.248046875
0 0.581298828125 0.45849609375 0.05322265625 0.2626953125
