0 0.146484375 0.46142578125 0.0166015625 0.0830078125
0 0.16064453125 0.45556640625 0.021484375 0.1064453125
0 0.096435546875 0.45556640625 0.02099609375 0.1044921875
0 0.118408203125 0.46044921875 0.02001953125 0.0986328125
0 0.48388671875 0.44287109375 0.0185546875 0.0927734375
0 0.61181640625 0.421875 0.01171875 0.060546875
0 0.62939453125 0.423828125 0.0126953125 0.064453125
0 0.772705078125 0.42431640625 0.01806640625 0.0908203125
0 0.459228515625 0.44384765625 0.01806640625 0.0908203125
0 0.452392578125 0.443359375 0.01904296875 0.09375
0 0.24951171875 0.44921875 0.01953125 0.09765625
0 0.324951171875 0.45361328125 0.01806640625 0.0888671875
0 0.381591796875 0.451171875 0.01611328125 0.080078125
0 0.40771484375 0.44873046875 0.0341796875 0.1669921875
0 0.399169921875 0.44873046875 0.03564453125 0.1748046875
0 0.341064453125 0.4462890625 0.02099609375 0.103515625
