0 0.357177734375 0.421875 0.01220703125 0.060546875
0 0.2529296875 0.431640625 0.017578125 0.087890625
0 0.541748046875 0.4677734375 0.05322265625 0.26171875
0 0.06494140625 0.44140625 0.0263671875 0.12890625
0 0.040283203125 0.4462890625 0.02587890625 0.12890625
0 0.34130859375 0.42724609375 0.0146484375 0.0732421875
0 0.31982421875 0.46533203125 0.056640625 0.2763671875
0 0.950927734375 0.396484375 0.02197265625 0.107421875
0 0.914794921875 0.39599609375 0.02294921875 0.1142578125
0 0.922607421875 0.39697265625 0.02490234375 0.1240234375
