0 0.403564453125 0.4140625 0.01123046875 0.056640625
0 0.40966796875 0.41162109375 0.0126953125 0.0654296875
0 0.4228515625 0.416015625 0.0126953125 0.064453125
0 0.384521484375 0.42333984375 0.01513671875 0.0751953125
0 0.59130859375 0.41748046875 0.0068359375 0.0341796875
0 0.361328125 0.42529296875 0.013671875 0.0673828125
0 0.374267578125 0.419921875 0.01611328125 0.080078125
0 0.269287109375 0.41015625 0.01513671875 0.076171875
0 0.2509765625 0.42138671875 0.017578125 0.0869140625
0 0.72705078125 0.416015625 0.0185546875 0.091796875
0 0.89208984375 0.44384765625 0.0439453125 0.2158203125
0 0.93310546875 0.44580078125 0.0419921875 0.2080078125
0 0.179931640625 0.423828125 0.02392578125 0.1171875
0 0.17431640625 0.42236328125 0.0263671875 0.1298828125
