0 0.237060546875 0.45556640625 0.00830078125 0.0419921875
0 0.2021484375 0.455078125 0.0087890625 0.04296875
0 0.11474609375 0.466796875 0.0107421875 0.052734375
0 0.677490234375 0.423828125 0.01123046875 0.0546875
0 0.692626953125 0.41943359375 0.01318359375 0.0673828125
0 0.68603515625 0.41796875 0.0146484375 0.072265625
0 0.7060546875 0.42236328125 0.017578125 0.0869140625
0 0.722412109375 0.41845703125 0.01708984375 0.0869140625
0 0.742919921875 0.41748046875 0.01513671875 0.0771484375
0 0.756591796875 0.41748046875 0.02001953125 0.0986328125
0 0.77001953125 0.4150390625 0.017578125 0.0859375
0 0.794189453125 0.42138671875 0.02392578125 0.1181640625
0 0.863525390625 0.41943359375 0.03076171875 0.1513671875
