0 0.270751953125 0.3935546875 0.01123046875 0.0546875
0 0.494384765625 0.39453125 0.00830078125 0.041015625
0 0.5029296875 0.40087890625 0.01171875 0.0576171875
0 0.490234375 0.4384765625 0.01953125 0.09765625
0 0.3310546875 0.4287109375 0.0205078125 0.103515625
0 0.57470703125 0.43505859375 0.0234375 0.1162109375
0 0.580322265625 0.431640625 0.02490234375 0.12109375
0 0.513427734375 0.4345703125 0.02197265625 0.107421875
0 0.5341796875 0.4287109375 0.0244140625 0.12109375
0 0.543212890625 0.435546875 0.02099609375 0.10546875
0 0.205078125 0.42578125 0.01953125 0.09765625
0 0.1826171875 0.4228515625 0.021484375 0.107421875
0 0.099853515625 0.42041015625 0.01904296875 0.0947265625
0 0.449951171875 0.4345703125 0.03662109375 0.1796875
0 0.42529296875 0.43701171875 0.033203125 0.1630859375
0 0.4345703125 0.46044921875 0.048828125 0.2392578125
0 0.388671875 0.4365234375 0.04296875 0.208984375
0 0.357421875 0.46142578125 0.0546875 0.2666015625
0 0.403076171875 0.46533203125 0.04736328125 0.2333984375
0 0.372314453125 0.4609375 0.05615234375 0.275390625
0 0.30029296875 0.443359375 0.0634765625 0.310546875
