0 0.120361328125 0.42578125 0.01806640625 0.08984375
0 0.51416015625 0.4326171875 0.01171875 0.056640625
0 0.52880859375 0.4326171875 0.0126953125 0.0625
0 0.541748046875 0.43408203125 0.01220703125 0.0615234375
0 0.506591796875 0.43310546875 0.01318359375 0.0673828125
0 0.498779296875 0.43603515625 0.01416015625 0.0693359375
0 0.490966796875 0.43359375 0.01513671875 0.07421875
0 0.455078125 0.42333984375 0.015625 0.0791015625
0 0.4599609375 0.435546875 0.015625 0.076171875
0 0.473876953125 0.4326171875 0.01611328125 0.08203125
0 0.448486328125 0.4375 0.02099609375 0.103515625
0 0.551513671875 0.44482421875 0.02197265625 0.1103515625
0 0.4326171875 0.44873046875 0.0244140625 0.1220703125
0 0.39306640625 0.43701171875 0.0224609375 0.1123046875
0 0.398681640625 0.443359375 0.02392578125 0.1171875
0 0.4130859375 0.44287109375 0.0234375 0.1142578125
0 0.4150390625 0.44287109375 0.0263671875 0.1318359375
0 0.34765625 0.44482421875 0.0244140625 0.1201171875
0 0.37158203125 0.43896484375 0.0224609375 0.1103515625
0 0.808349609375 0.46533203125 0.03564453125 0.1748046875
0 0.777587890625 0.462890625 0.03759765625 0.185546875
0 0.214599609375 0.4375 0.03271484375 0.162109375
0 0.9375 0.4228515625 0.0185546875 0.091796875
0 0.922119140625 0.44091796875 0.02587890625 0.1279296875
0 0.945556640625 0.47998046875 0.03662109375 0.1806640625
0 0.55126953125 0.4609375 0.017578125 0.087890625
