0 0.4541015625 0.4150390625 0.0078125 0.0390625
0 0.49951171875 0.4228515625 0.0126953125 0.0625
0 0.400634765625 0.4619140625 0.01806640625 0.087890625
0 0.41259765625 0.45947265625 0.017578125 0.0869140625
0 0.4267578125 0.45947265625 0.01953125 0.0966796875
0 0.525634765625 0.4267578125 0.01318359375 0.064453125
0 0.536376953125 0.42919921875 0.01123046875 0.0576171875
0 0.660888671875 0.47607421875 0.02685546875 0.1318359375
0 0.633544921875 0.4716796875 0.02978515625 0.146484375
0 0.83642578125 0.46142578125 0.052734375 0.2568359375
