0 0.447998046875 0.40771484375 0.00537109375 0.0283203125
0 0.4384765625 0.4111328125 0.0048828125 0.02734375
0 0.392822265625 0.40771484375 0.00732421875 0.0361328125
0 0.386474609375 0.40673828125 0.00830078125 0.0419921875
0 0.38330078125 0.41162109375 0.0068359375 0.0361328125
0 0.374755859375 0.4111328125 0.00830078125 0.041015625
0 0.337646484375 0.41796875 0.00830078125 0.04296875
0 0.299072265625 0.41796875 0.01220703125 0.0625
0 0.284912109375 0.416015625 0.01123046875 0.05859375
0 0.739501953125 0.4384765625 0.03662109375 0.1796875
0 0.580810546875 0.40625 0.00732421875 0.03515625
0 0.595458984375 0.4072265625 0.01025390625 0.05078125
0 0.6103515625 0.419921875 0.0166015625 0.080078125
0 0.62890625 0.416015625 0.015625 0.078125
