0 0.036376953125 0.4267578125 0.02001953125 0.09765625
0 0.071533203125 0.42529296875 0.01904296875 0.0927734375
0 0.058837890625 0.4248046875 0.01904296875 0.095703125
0 0.0498046875 0.4248046875 0.0185546875 0.09375
0 0.073974609375 0.42822265625 0.01904296875 0.0927734375
0 0.091064453125 0.423828125 0.01806640625 0.08984375
0 0.367431640625 0.38623046875 0.00634765625 0.0322265625
0 0.1416015625 0.3955078125 0.0048828125 0.025390625
0 0.162353515625 0.39794921875 0.00537109375 0.0283203125
0 0.169189453125 0.39794921875 0.00537109375 0.0283203125
0 0.177490234375 0.39892578125 0.00439453125 0.0224609375
0 0.374267578125 0.38916015625 0.00634765625 0.0322265625
