0 0.55908203125 0.3916015625 0.005859375 0.03125
0 0.552490234375 0.39404296875 0.00537109375 0.0283203125
0 0.587646484375 0.39208984375 0.00537109375 0.0263671875
0 0.3017578125 0.4091796875 0.009765625 0.048828125
0 0.5400390625 0.39599609375 0.0048828125 0.0263671875
0 0.545166015625 0.39306640625 0.00537109375 0.0263671875
0 0.535888671875 0.39208984375 0.00537109375 0.0283203125
0 0.846435546875 0.4287109375 0.02783203125 0.13671875
0 0.474365234375 0.37451171875 0.00439453125 0.0224609375
0 0.49755859375 0.35009765625 0.001953125 0.0107421875
0 0.48779296875 0.35986328125 0.0029296875 0.0146484375
0 0.5703125 0.39453125 0.0078125 0.0390625
