0 0.048095703125 0.4169921875 0.03369140625 0.166015625
0 0.06689453125 0.42333984375 0.03125 0.1552734375
0 0.6767578125 0.470703125 0.0634765625 0.310546875
0 0.71875 0.50244140625 0.083984375 0.4111328125
0 0.353515625 0.48876953125 0.0546875 0.2685546875
0 0.58447265625 0.46875 0.0625 0.3046875
0 0.426513671875 0.43994140625 0.05615234375 0.2763671875
0 0.42626953125 0.45166015625 0.0537109375 0.2646484375
0 0.38916015625 0.4794921875 0.052734375 0.2578125
0 0.455810546875 0.4599609375 0.07666015625 0.375
0 0.375732421875 0.47412109375 0.06982421875 0.3427734375
0 0.348876953125 0.4677734375 0.07568359375 0.37109375
0 0.340087890625 0.48681640625 0.07275390625 0.3564453125
0 0.31298828125 0.48828125 0.083984375 0.412109375
0 0.12451171875 0.4619140625 0.0712890625 0.349609375
0 0.099609375 0.49609375 0.111328125 0.54296875
0 0.214111328125 0.44580078125 0.07275390625 0.3564453125
0 0.2080078125 0.48681640625 0.087890625 0.4306640625
0 0.21484375 0.53369140625 0.10546875 0.5146484375
0 0.48681640625 0.48974609375 0.0888671875 0.4345703125
0 0.27587890625 0.548828125 0.1181640625 0.578125
0 0.508544921875 0.49853515625 0.10009765625 0.4892578125
0 0.4658203125 0.51220703125 0.1064453125 0.5205078125
0 0.947265625 0.490234375 0.1044921875 0.517578125
0 0.839111328125 0.45654296875 0.05908203125 0.2900390625
0 0.85400390625 0.48291015625 0.072265625 0.3564453125
