0 0.32470703125 0.47412109375 0.0185546875 0.0908203125
0 0.343017578125 0.46630859375 0.01708984375 0.0849609375
0 0.2919921875 0.48486328125 0.0244140625 0.1201171875
0 0.272216796875 0.4853515625 0.02392578125 0.1171875
0 0.0791015625 0.5146484375 0.0439453125 0.21484375
0 0.10498046875 0.5205078125 0.04296875 0.212890625
0 0.055419921875 0.509765625 0.04931640625 0.240234375
0 0.14990234375 0.51806640625 0.044921875 0.2197265625
0 0.66455078125 0.4765625 0.0400390625 0.1953125
0 0.672119140625 0.47705078125 0.04736328125 0.2333984375
0 0.6767578125 0.4892578125 0.0537109375 0.26171875
0 0.73095703125 0.447265625 0.03515625 0.171875
0 0.747802734375 0.44287109375 0.03955078125 0.1962890625
0 0.773193359375 0.44970703125 0.04150390625 0.2041015625
0 0.792236328125 0.447265625 0.04541015625 0.224609375
0 0.565185546875 0.44140625 0.01025390625 0.052734375
0 0.573974609375 0.443359375 0.01123046875 0.0546875
0 0.56982421875 0.4462890625 0.009765625 0.05078125
