0 0.724853515625 0.412109375 0.01708984375 0.083984375
0 0.73974609375 0.4091796875 0.01953125 0.095703125
0 0.499267578125 0.39013671875 0.00830078125 0.0419921875
0 0.469970703125 0.3955078125 0.00927734375 0.046875
0 0.35986328125 0.412109375 0.017578125 0.0859375
0 0.020751953125 0.41015625 0.01513671875 0.07421875
0 0.230224609375 0.404296875 0.02001953125 0.099609375
0 0.151611328125 0.41162109375 0.01806640625 0.0888671875
0 0.253173828125 0.404296875 0.01806640625 0.08984375
0 0.254150390625 0.4111328125 0.01611328125 0.080078125
0 0.283203125 0.40185546875 0.01953125 0.0966796875
0 0.27685546875 0.408203125 0.01953125 0.09765625
0 0.272216796875 0.40625 0.02001953125 0.09765625
0 0.289794921875 0.404296875 0.01806640625 0.08984375
0 0.2900390625 0.4052734375 0.0205078125 0.099609375
0 0.301025390625 0.4052734375 0.02001953125 0.099609375
0 0.31640625 0.4072265625 0.01953125 0.09765625
0 0.317138671875 0.4091796875 0.01904296875 0.09375
0 0.368896484375 0.41015625 0.01806640625 0.091796875
0 0.372802734375 0.40771484375 0.02001953125 0.0986328125
