0 0.833251953125 0.40869140625 0.02099609375 0.1044921875
0 0.88720703125 0.390625 0.021484375 0.107421875
0 0.897705078125 0.41845703125 0.03076171875 0.1494140625
0 0.987060546875 0.39306640625 0.02490234375 0.1845703125
0 0.944091796875 0.51513671875 0.05712890625 0.2802734375
0 0.543212890625 0.4306640625 0.02978515625 0.14453125
0 0.51806640625 0.43603515625 0.0283203125 0.1396484375
0 0.466796875 0.435546875 0.01171875 0.060546875
0 0.369140625 0.43408203125 0.01171875 0.0595703125
0 0.309326171875 0.42919921875 0.01611328125 0.0810546875
0 0.22607421875 0.431640625 0.0224609375 0.111328125
0 0.248779296875 0.44189453125 0.04052734375 0.1982421875
