0 0.606201171875 0.46630859375 0.00732421875 0.0361328125
0 0.58154296875 0.46923828125 0.0068359375 0.0361328125
0 0.5732421875 0.4677734375 0.0078125 0.041015625
0 0.56787109375 0.46630859375 0.0087890625 0.0458984375
0 0.5634765625 0.46142578125 0.01171875 0.0576171875
0 0.5341796875 0.4775390625 0.015625 0.078125
0 0.509033203125 0.4697265625 0.02294921875 0.11328125
0 0.55029296875 0.47265625 0.0185546875 0.091796875
0 0.329833984375 0.513671875 0.06982421875 0.341796875
0 0.5927734375 0.478515625 0.017578125 0.087890625
0 0.61181640625 0.46923828125 0.005859375 0.0302734375
0 0.618408203125 0.47998046875 0.01513671875 0.0751953125
0 0.670654296875 0.50244140625 0.06298828125 0.3115234375
0 0.710693359375 0.501953125 0.06005859375 0.29296875
0 0.7890625 0.51220703125 0.0634765625 0.3095703125
