0 0.36181640625 0.3876953125 0.005859375 0.029296875
0 0.367919921875 0.390625 0.00830078125 0.04296875
0 0.3564453125 0.38818359375 0.0107421875 0.0556640625
0 0.561767578125 0.40625 0.01513671875 0.07421875
0 0.376953125 0.40283203125 0.01171875 0.0576171875
0 0.512939453125 0.41064453125 0.01513671875 0.0751953125
0 0.44140625 0.39892578125 0.0126953125 0.0654296875
0 0.396484375 0.42578125 0.05078125 0.248046875
0 0.33251953125 0.4345703125 0.0458984375 0.2265625
0 0.212890625 0.408203125 0.015625 0.078125
0 0.268798828125 0.46533203125 0.09423828125 0.4599609375
