0 0.075439453125 0.44384765625 0.01806640625 0.0888671875
0 0.089599609375 0.44140625 0.01806640625 0.087890625
0 0.05859375 0.4541015625 0.021484375 0.107421875
0 0.03662109375 0.451171875 0.0205078125 0.099609375
0 0.37060546875 0.45458984375 0.03125 0.1533203125
0 0.387451171875 0.451171875 0.03759765625 0.18359375
0 0.41943359375 0.4287109375 0.0263671875 0.12890625
0 0.42919921875 0.42041015625 0.029296875 0.1435546875
0 0.437255859375 0.427734375 0.02880859375 0.140625
0 0.44775390625 0.42138671875 0.03125 0.1533203125
0 0.62060546875 0.4638671875 0.0615234375 0.302734375
0 0.588134765625 0.51904296875 0.07177734375 0.3525390625
0 0.63720703125 0.51513671875 0.0810546875 0.3974609375
