0 0.9892578125 0.3720703125 0.0087890625 0.044921875
0 0.936279296875 0.44775390625 0.05908203125 0.2919921875
0 0.823974609375 0.48779296875 0.07373046875 0.3603515625
0 0.892578125 0.51025390625 0.107421875 0.5244140625
0 0.825927734375 0.48681640625 0.08544921875 0.4189453125
0 0.865966796875 0.529296875 0.11376953125 0.5546875
0 0.6240234375 0.455078125 0.0576171875 0.283203125
0 0.681884765625 0.4794921875 0.06494140625 0.31640625
0 0.638916015625 0.48681640625 0.07275390625 0.3564453125
0 0.5703125 0.466796875 0.0625 0.306640625
0 0.606689453125 0.48583984375 0.08349609375 0.4091796875
0 0.669677734375 0.54248046875 0.10986328125 0.5361328125
0 0.73876953125 0.56201171875 0.12109375 0.5927734375
0 0.46875 0.45556640625 0.0654296875 0.3212890625
0 0.511962890625 0.466796875 0.06982421875 0.341796875
0 0.469482421875 0.48095703125 0.08837890625 0.4326171875
0 0.422607421875 0.43994140625 0.05810546875 0.2841796875
0 0.16162109375 0.47021484375 0.0576171875 0.2841796875
0 0.37158203125 0.46044921875 0.0693359375 0.3408203125
0 0.431640625 0.501953125 0.1171875 0.572265625
0 0.1455078125 0.45654296875 0.0634765625 0.3095703125
0 0.107421875 0.46875 0.0751953125 0.369140625
0 0.037841796875 0.474609375 0.07568359375 0.416015625
0 0.180908203125 0.5068359375 0.06884765625 0.337890625
0 0.24658203125 0.4736328125 0.08984375 0.4375
0 0.214111328125 0.4912109375 0.05810546875 0.28515625
