0 0.45849609375 0.3671875 0.00390625 0.021484375
0 0.470947265625 0.36083984375 0.00341796875 0.0166015625
0 0.437744140625 0.37939453125 0.00537109375 0.0263671875
0 0.44921875 0.4013671875 0.0068359375 0.03515625
0 0.4423828125 0.400390625 0.0068359375 0.03515625
0 0.43408203125 0.42138671875 0.0146484375 0.0732421875
0 0.4052734375 0.41552734375 0.0107421875 0.0537109375
0 0.415283203125 0.42578125 0.01416015625 0.0703125
0 0.400146484375 0.423828125 0.01416015625 0.0703125
0 0.412353515625 0.42333984375 0.01416015625 0.0712890625
