0 0.487548828125 0.43212890625 0.00830078125 0.0419921875
0 0.5 0.43017578125 0.0087890625 0.0439453125
0 0.49609375 0.43310546875 0.0107421875 0.0517578125
0 0.472900390625 0.43408203125 0.01220703125 0.0615234375
0 0.388427734375 0.431640625 0.00830078125 0.04296875
0 0.372314453125 0.43017578125 0.00927734375 0.0478515625
0 0.5693359375 0.43310546875 0.0078125 0.0400390625
0 0.66259765625 0.423828125 0.0087890625 0.044921875
0 0.723876953125 0.421875 0.01220703125 0.0625
0 0.3095703125 0.4423828125 0.0146484375 0.072265625
