0 0.980712890625 0.44384765625 0.03759765625 0.2978515625
0 0.853515625 0.4619140625 0.064453125 0.31640625
0 0.6787109375 0.4716796875 0.0546875 0.267578125
0 0.661376953125 0.466796875 0.06884765625 0.337890625
0 0.079833984375 0.43212890625 0.02294921875 0.1142578125
0 0.415283203125 0.40576171875 0.01220703125 0.0615234375
0 0.467529296875 0.48974609375 0.05810546875 0.2861328125
0 0.406005859375 0.4677734375 0.06005859375 0.29296875
0 0.3544921875 0.47119140625 0.08203125 0.4013671875
0 0.21044921875 0.48974609375 0.0908203125 0.4443359375
0 0.843994140625 0.484375 0.07666015625 0.375
0 0.888427734375 0.51513671875 0.13134765625 0.6435546875
0 0.76904296875 0.46435546875 0.0625 0.3056640625
0 0.79150390625 0.4716796875 0.0693359375 0.33984375
0 0.505615234375 0.4970703125 0.06884765625 0.337890625
0 0.568115234375 0.4716796875 0.08740234375 0.427734375
