0 0.558837890625 0.44921875 0.00634765625 0.03125
0 0.55322265625 0.45166015625 0.005859375 0.0283203125
0 0.465087890625 0.45166015625 0.01123046875 0.0556640625
0 0.454345703125 0.453125 0.01025390625 0.05078125
0 0.44189453125 0.4521484375 0.009765625 0.05078125
0 0.42626953125 0.4580078125 0.013671875 0.06640625
0 0.475341796875 0.45849609375 0.01318359375 0.0654296875
0 0.48779296875 0.45166015625 0.0146484375 0.0732421875
0 0.36083984375 0.4560546875 0.015625 0.078125
0 0.376953125 0.45947265625 0.0146484375 0.0751953125
