0 0.8427734375 0.41796875 0.0224609375 0.111328125
0 0.95849609375 0.41943359375 0.025390625 0.1240234375
0 0.883056640625 0.40966796875 0.02392578125 0.1201171875
0 0.8701171875 0.408203125 0.02734375 0.1328125
0 0.91015625 0.42431640625 0.0234375 0.1142578125
0 0.892578125 0.4111328125 0.0283203125 0.138671875
0 0.202880859375 0.44921875 0.03173828125 0.15625
0 0.15673828125 0.44287109375 0.03125 0.1533203125
0 0.1875 0.4541015625 0.0322265625 0.158203125
0 0.170654296875 0.4560546875 0.03076171875 0.150390625
