0 0.114990234375 0.46630859375 0.01220703125 0.0615234375
0 0.130615234375 0.46484375 0.01416015625 0.068359375
0 0.151123046875 0.4619140625 0.01318359375 0.06640625
0 0.1630859375 0.462890625 0.0126953125 0.0625
0 0.286865234375 0.4482421875 0.02490234375 0.123046875
0 0.26708984375 0.45703125 0.0283203125 0.138671875
0 0.315185546875 0.45458984375 0.02490234375 0.1220703125
0 0.30029296875 0.46630859375 0.0263671875 0.1298828125
0 0.364501953125 0.45703125 0.02783203125 0.13671875
0 0.380859375 0.45458984375 0.02734375 0.1357421875
0 0.51513671875 0.43310546875 0.013671875 0.0673828125
0 0.56591796875 0.4296875 0.0166015625 0.083984375
0 0.606689453125 0.42236328125 0.01416015625 0.0693359375
0 0.97412109375 0.43359375 0.05078125 0.423828125
0 0.917724609375 0.46630859375 0.08056640625 0.3935546875
0 0.338623046875 0.45263671875 0.02783203125 0.1376953125
