0 0.4208984375 0.517578125 0.0126953125 0.064453125
0 0.46435546875 0.51123046875 0.0126953125 0.0634765625
0 0.94580078125 0.484375 0.0126953125 0.0625
0 0.595703125 0.509765625 0.009765625 0.048828125
0 0.60595703125 0.5107421875 0.009765625 0.048828125
0 0.176513671875 0.5146484375 0.01416015625 0.0703125
0 0.1845703125 0.52197265625 0.0146484375 0.0712890625
0 0.20068359375 0.5166015625 0.0146484375 0.072265625
0 0.28662109375 0.5107421875 0.013671875 0.06640625
0 0.896484375 0.46728515625 0.0263671875 0.1298828125
0 0.875 0.47802734375 0.0224609375 0.1123046875
0 0.672119140625 0.5185546875 0.07568359375 0.369140625
0 0.5478515625 0.54443359375 0.064453125 0.3173828125
0 0.5439453125 0.51611328125 0.087890625 0.4287109375
