0 0.20068359375 0.51123046875 0.0146484375 0.0732421875
0 0.19677734375 0.51416015625 0.013671875 0.0693359375
0 0.33837890625 0.50634765625 0.0126953125 0.0654296875
0 0.28759765625 0.50341796875 0.0126953125 0.0634765625
0 0.27880859375 0.50341796875 0.0126953125 0.0634765625
0 0.459228515625 0.49560546875 0.01123046875 0.0556640625
0 0.521728515625 0.49462890625 0.00927734375 0.0478515625
0 0.58154296875 0.4990234375 0.0107421875 0.0546875
0 0.677490234375 0.4951171875 0.00830078125 0.04296875
0 0.693359375 0.4951171875 0.0087890625 0.044921875
0 0.617431640625 0.49951171875 0.01025390625 0.0517578125
0 0.7509765625 0.4892578125 0.0146484375 0.072265625
0 0.7578125 0.49072265625 0.0126953125 0.0634765625
0 0.916748046875 0.46435546875 0.02392578125 0.1181640625
0 0.87255859375 0.4677734375 0.0234375 0.1171875
0 0.797607421875 0.47998046875 0.02001953125 0.0986328125
0 0.240966796875 0.50830078125 0.01318359375 0.0634765625
0 0.3330078125 0.50439453125 0.0126953125 0.0615234375
0 0.5537109375 0.50048828125 0.013671875 0.0693359375
0 0.815185546875 0.4833984375 0.01416015625 0.072265625
