0 0.49560546875 0.39599609375 0.005859375 0.0302734375
0 0.48828125 0.3955078125 0.0068359375 0.03515625
0 0.48388671875 0.39697265625 0.0068359375 0.0341796875
0 0.476806640625 0.3955078125 0.00634765625 0.03125
0 0.524169921875 0.388671875 0.00634765625 0.033203125
0 0.47705078125 0.41845703125 0.0087890625 0.0439453125
0 0.469482421875 0.419921875 0.00927734375 0.048828125
0 0.45751953125 0.42138671875 0.009765625 0.0478515625
0 0.558349609375 0.4189453125 0.01416015625 0.0703125
0 0.550048828125 0.4189453125 0.01416015625 0.072265625
