0 0.131103515625 0.41796875 0.01611328125 0.080078125
0 0.479248046875 0.4306640625 0.02001953125 0.099609375
0 0.50048828125 0.44970703125 0.0126953125 0.0634765625
0 0.533935546875 0.4287109375 0.01416015625 0.0703125
0 0.544189453125 0.43212890625 0.01318359375 0.0673828125
0 0.517333984375 0.4287109375 0.02099609375 0.103515625
0 0.649169921875 0.4462890625 0.03662109375 0.1796875
0 0.680419921875 0.45556640625 0.03466796875 0.1708984375
0 0.850830078125 0.4453125 0.02587890625 0.126953125
0 0.860595703125 0.44091796875 0.02685546875 0.1318359375
0 0.9619140625 0.44091796875 0.0322265625 0.1572265625
0 0.952392578125 0.4453125 0.02978515625 0.1484375
0 0.440185546875 0.45068359375 0.03076171875 0.1533203125
