0 0.52197265625 0.44287109375 0.0048828125 0.0244140625
0 0.4892578125 0.4404296875 0.005859375 0.029296875
0 0.48193359375 0.4375 0.0068359375 0.03515625
0 0.478271484375 0.44091796875 0.00732421875 0.0361328125
0 0.4658203125 0.44140625 0.0068359375 0.03515625
0 0.29052734375 0.4404296875 0.0166015625 0.08203125
0 0.83740234375 0.4482421875 0.0244140625 0.12109375
0 0.9111328125 0.45458984375 0.0263671875 0.1298828125
0 0.823974609375 0.46923828125 0.05029296875 0.2470703125
0 0.89208984375 0.47509765625 0.04296875 0.2099609375
0 0.98486328125 0.470703125 0.029296875 0.201171875
