0 0.224853515625 0.4453125 0.01123046875 0.056640625
0 0.21630859375 0.443359375 0.0166015625 0.08203125
0 0.28125 0.43603515625 0.01171875 0.0595703125
0 0.447021484375 0.43310546875 0.00830078125 0.0419921875
0 0.5146484375 0.44189453125 0.0087890625 0.0439453125
0 0.5234375 0.4365234375 0.0107421875 0.0546875
0 0.54638671875 0.4365234375 0.0087890625 0.044921875
0 0.5380859375 0.43212890625 0.0107421875 0.0537109375
0 0.611572265625 0.4384765625 0.01025390625 0.05078125
0 0.55859375 0.455078125 0.044921875 0.220703125
0 0.580078125 0.470703125 0.041015625 0.203125
0 0.57470703125 0.4775390625 0.0400390625 0.197265625
0 0.959228515625 0.4365234375 0.00732421875 0.037109375
0 0.92578125 0.4482421875 0.0263671875 0.130859375
0 0.90234375 0.44384765625 0.0263671875 0.1298828125
0 0.861572265625 0.45947265625 0.02685546875 0.1337890625
0 0.87109375 0.4501953125 0.033203125 0.1640625
0 0.83203125 0.455078125 0.0380859375 0.1875
0 0.7734375 0.447265625 0.0283203125 0.140625
0 0.65185546875 0.4560546875 0.029296875 0.142578125
0 0.669921875 0.45166015625 0.0302734375 0.1513671875
0 0.691650390625 0.44775390625 0.03271484375 0.1611328125
0 0.6796875 0.44921875 0.03125 0.154296875
0 0.70654296875 0.447265625 0.0341796875 0.169921875
0 0.695068359375 0.4501953125 0.03662109375 0.1796875
0 0.750732421875 0.453125 0.03369140625 0.166015625
0 0.722412109375 0.4580078125 0.03759765625 0.18359375
0 0.787109375 0.44775390625 0.0341796875 0.1669921875
0 0.92431640625 0.44775390625 0.0400390625 0.1962890625
