0 0.495361328125 0.431640625 0.00732421875 0.037109375
0 0.48779296875 0.43310546875 0.0078125 0.0400390625
0 0.413330078125 0.44580078125 0.00732421875 0.0380859375
0 0.43701171875 0.4365234375 0.0126953125 0.0625
0 0.44970703125 0.43505859375 0.013671875 0.0693359375
0 0.443115234375 0.4384765625 0.01611328125 0.080078125
0 0.46826171875 0.44482421875 0.013671875 0.0693359375
0 0.333740234375 0.45361328125 0.06396484375 0.3134765625
0 0.131591796875 0.4658203125 0.07177734375 0.353515625
0 0.189453125 0.46337890625 0.0732421875 0.3583984375
