0 0.400634765625 0.41845703125 0.00537109375 0.0263671875
0 0.3916015625 0.41845703125 0.005859375 0.0283203125
0 0.475341796875 0.419921875 0.00341796875 0.01953125
0 0.479248046875 0.41796875 0.00439453125 0.0234375
0 0.919921875 0.384765625 0.013671875 0.068359375
0 0.566650390625 0.41455078125 0.02001953125 0.0986328125
0 0.316162109375 0.41748046875 0.01123046875 0.0556640625
0 0.32275390625 0.41455078125 0.0126953125 0.0634765625
0 0.3505859375 0.41845703125 0.013671875 0.0673828125
0 0.330078125 0.421875 0.017578125 0.087890625
0 0.2900390625 0.4189453125 0.0185546875 0.091796875
0 0.307861328125 0.4248046875 0.01806640625 0.08984375
0 0.287109375 0.42919921875 0.0234375 0.1162109375
0 0.218505859375 0.45947265625 0.02001953125 0.1005859375
0 0.181396484375 0.43115234375 0.03271484375 0.1611328125
0 0.0751953125 0.44775390625 0.0498046875 0.2451171875
