0 0.387451171875 0.4091796875 0.00634765625 0.033203125
0 0.396240234375 0.40625 0.00634765625 0.03125
0 0.656494140625 0.40869140625 0.00830078125 0.0419921875
0 0.653076171875 0.4072265625 0.00927734375 0.046875
0 0.679443359375 0.42919921875 0.01123046875 0.0556640625
0 0.67041015625 0.43505859375 0.013671875 0.0673828125
0 0.507568359375 0.4443359375 0.02099609375 0.103515625
0 0.508056640625 0.44921875 0.01904296875 0.09375
0 0.52587890625 0.44091796875 0.021484375 0.1064453125
0 0.5302734375 0.45703125 0.0166015625 0.08203125
0 0.529296875 0.4638671875 0.015625 0.078125
0 0.47705078125 0.45849609375 0.017578125 0.0869140625
0 0.4921875 0.44677734375 0.021484375 0.1083984375
0 0.460205078125 0.45166015625 0.02099609375 0.1044921875
0 0.446533203125 0.47607421875 0.01220703125 0.0615234375
0 0.57275390625 0.43701171875 0.025390625 0.1240234375
