0 0.219970703125 0.43994140625 0.04052734375 0.1982421875
0 0.5908203125 0.44384765625 0.0078125 0.0400390625
0 0.561279296875 0.45458984375 0.00634765625 0.0322265625
0 0.690185546875 0.44970703125 0.00927734375 0.0458984375
0 0.685546875 0.45166015625 0.0107421875 0.0556640625
0 0.6806640625 0.4501953125 0.01171875 0.060546875
0 0.764404296875 0.4599609375 0.02783203125 0.138671875
0 0.741455078125 0.4599609375 0.02783203125 0.138671875
0 0.279052734375 0.44287109375 0.02099609375 0.1025390625
0 0.26171875 0.45263671875 0.0234375 0.1162109375
0 0.37548828125 0.49462890625 0.029296875 0.1455078125
0 0.358642578125 0.46630859375 0.04248046875 0.2080078125
