0 0.37841796875 0.44677734375 0.009765625 0.0478515625
0 0.366455078125 0.44873046875 0.01123046875 0.0576171875
0 0.353271484375 0.4580078125 0.02783203125 0.13671875
0 0.302734375 0.4697265625 0.0322265625 0.16015625
0 0.2744140625 0.458984375 0.0341796875 0.16796875
0 0.427490234375 0.447265625 0.01513671875 0.076171875
0 0.447998046875 0.43798828125 0.01806640625 0.0908203125
0 0.46435546875 0.4443359375 0.0166015625 0.080078125
0 0.637451171875 0.4423828125 0.02197265625 0.109375
0 0.652099609375 0.46826171875 0.03466796875 0.1689453125
