0 0.41552734375 0.42236328125 0.00390625 0.0205078125
0 0.41015625 0.4228515625 0.0048828125 0.025390625
0 0.406494140625 0.4228515625 0.00537109375 0.025390625
0 0.390380859375 0.4267578125 0.00634765625 0.03125
0 0.37744140625 0.4267578125 0.005859375 0.03125
0 0.394775390625 0.421875 0.00830078125 0.04296875
0 0.323486328125 0.44287109375 0.01220703125 0.0615234375
0 0.30322265625 0.4296875 0.015625 0.078125
0 0.28662109375 0.41845703125 0.0185546875 0.0927734375
0 0.217041015625 0.42041015625 0.01806640625 0.0908203125
0 0.240478515625 0.42236328125 0.01904296875 0.0947265625
0 0.05712890625 0.44189453125 0.0341796875 0.1689453125
0 0.014404296875 0.43115234375 0.02880859375 0.1806640625
0 0.530029296875 0.4296875 0.01318359375 0.064453125
