0 0.513671875 0.4482421875 0.005859375 0.029296875
0 0.52001953125 0.45361328125 0.0048828125 0.0244140625
0 0.52490234375 0.4521484375 0.005859375 0.029296875
0 0.532958984375 0.4521484375 0.00634765625 0.03125
0 0.537353515625 0.4521484375 0.00732421875 0.03515625
0 0.63818359375 0.44677734375 0.017578125 0.0888671875
0 0.6484375 0.44384765625 0.0185546875 0.0927734375
0 0.6650390625 0.44482421875 0.0205078125 0.1005859375
0 0.279541015625 0.46484375 0.02392578125 0.1171875
0 0.31494140625 0.46875 0.0224609375 0.111328125
0 0.60888671875 0.44873046875 0.0224609375 0.1103515625
