0 0.693115234375 0.42822265625 0.00537109375 0.0283203125
0 0.541259765625 0.43359375 0.00634765625 0.033203125
0 0.593994140625 0.42919921875 0.00732421875 0.0380859375
0 0.7099609375 0.42431640625 0.0078125 0.0380859375
0 0.720947265625 0.423828125 0.00634765625 0.03125
0 0.761474609375 0.421875 0.01513671875 0.076171875
0 0.751220703125 0.42626953125 0.01611328125 0.0791015625
0 0.785888671875 0.43115234375 0.00537109375 0.0283203125
0 0.953857421875 0.412109375 0.01416015625 0.0703125
0 0.9404296875 0.41064453125 0.0205078125 0.1005859375
0 0.928466796875 0.41064453125 0.02197265625 0.1064453125
0 0.1708984375 0.4541015625 0.025390625 0.125
