0 0.417236328125 0.4072265625 0.01708984375 0.0859375
0 0.431640625 0.41943359375 0.0107421875 0.0556640625
0 0.446533203125 0.40478515625 0.01806640625 0.0888671875
0 0.47216796875 0.39599609375 0.01953125 0.0966796875
0 0.4638671875 0.4013671875 0.0205078125 0.1015625
0 0.453369140625 0.40625 0.01806640625 0.087890625
0 0.492431640625 0.4091796875 0.01513671875 0.07421875
0 0.483154296875 0.400390625 0.02001953125 0.09765625
0 0.55419921875 0.39599609375 0.021484375 0.1064453125
0 0.53466796875 0.3994140625 0.0185546875 0.091796875
0 0.703857421875 0.396484375 0.01806640625 0.08984375
0 0.60009765625 0.40234375 0.0185546875 0.091796875
0 0.629638671875 0.40234375 0.01806640625 0.087890625
0 0.6923828125 0.3955078125 0.01953125 0.095703125
0 0.015869140625 0.421875 0.01708984375 0.0859375
0 0.03857421875 0.435546875 0.01171875 0.05859375
