0 0.970947265625 0.41064453125 0.03369140625 0.1669921875
0 0.608642578125 0.39306640625 0.01025390625 0.0517578125
0 0.751953125 0.39208984375 0.0166015625 0.0830078125
0 0.91357421875 0.38916015625 0.0283203125 0.1396484375
0 0.8232421875 0.4072265625 0.03125 0.15234375
0 0.85205078125 0.4013671875 0.0185546875 0.09375
0 0.864013671875 0.39306640625 0.02392578125 0.1162109375
0 0.88525390625 0.4013671875 0.0302734375 0.150390625
0 0.721435546875 0.4287109375 0.05419921875 0.263671875
0 0.79736328125 0.42578125 0.068359375 0.3359375
0 0.625732421875 0.3974609375 0.01025390625 0.052734375
0 0.556884765625 0.38525390625 0.00830078125 0.0419921875
0 0.546875 0.39892578125 0.01171875 0.0576171875
0 0.288330078125 0.40234375 0.03173828125 0.158203125
0 0.266845703125 0.421875 0.02978515625 0.1484375
0 0.193603515625 0.40478515625 0.03564453125 0.1748046875
0 0.186279296875 0.41259765625 0.03369140625 0.1669921875
0 0.2138671875 0.3876953125 0.0341796875 0.16796875
0 0.22021484375 0.4326171875 0.03125 0.154296875
0 0.169677734375 0.4072265625 0.03759765625 0.185546875
0 0.037353515625 0.419921875 0.05029296875 0.24609375
0 0.02099609375 0.41845703125 0.0419921875 0.2685546875
0 0.536376953125 0.39111328125 0.01123046875 0.0556640625
