0 0.550537109375 0.3896484375 0.01318359375 0.06640625
0 0.547607421875 0.39013671875 0.01318359375 0.0654296875
0 0.593994140625 0.3974609375 0.01513671875 0.07421875
0 0.478271484375 0.39892578125 0.02001953125 0.1005859375
0 0.500244140625 0.3994140625 0.02685546875 0.1328125
0 0.64599609375 0.392578125 0.0205078125 0.103515625
0 0.600830078125 0.40966796875 0.02392578125 0.1181640625
0 0.62353515625 0.40087890625 0.033203125 0.1611328125
0 0.6572265625 0.38232421875 0.0361328125 0.1787109375
0 0.669189453125 0.388671875 0.02587890625 0.126953125
0 0.68505859375 0.38671875 0.0224609375 0.111328125
0 0.6904296875 0.3916015625 0.0302734375 0.150390625
0 0.736083984375 0.3876953125 0.02197265625 0.107421875
0 0.7236328125 0.38330078125 0.0302734375 0.1494140625
0 0.7109375 0.39208984375 0.029296875 0.1435546875
0 0.66259765625 0.3896484375 0.0390625 0.19140625
0 0.762451171875 0.39306640625 0.05419921875 0.2666015625
