0 0.140380859375 0.41455078125 0.02294921875 0.1142578125
0 0.153564453125 0.4111328125 0.02880859375 0.140625
0 0.1337890625 0.41748046875 0.0234375 0.1162109375
0 0.11376953125 0.41845703125 0.021484375 0.1064453125
0 0.065673828125 0.42041015625 0.02294921875 0.1142578125
0 0.080810546875 0.4208984375 0.02587890625 0.12890625
0 0.047119140625 0.421875 0.02392578125 0.119140625
0 0.059326171875 0.41015625 0.03173828125 0.15625
0 0.258056640625 0.4130859375 0.02294921875 0.11328125
0 0.24462890625 0.41650390625 0.0224609375 0.1103515625
0 0.232421875 0.4033203125 0.0244140625 0.119140625
0 0.208251953125 0.41650390625 0.02587890625 0.1279296875
0 0.19189453125 0.416015625 0.025390625 0.125
0 0.22607421875 0.4189453125 0.03515625 0.173828125
0 0.336669921875 0.4130859375 0.01318359375 0.064453125
0 0.3427734375 0.41748046875 0.0205078125 0.1025390625
0 0.45361328125 0.3935546875 0.0126953125 0.064453125
0 0.4462890625 0.40478515625 0.0078125 0.0380859375
0 0.43896484375 0.39501953125 0.009765625 0.0498046875
0 0.494873046875 0.39990234375 0.01513671875 0.0751953125
0 0.498291015625 0.412109375 0.02392578125 0.119140625
0 0.5439453125 0.41650390625 0.0185546875 0.0927734375
0 0.53466796875 0.40576171875 0.0146484375 0.0732421875
0 0.537841796875 0.412109375 0.02197265625 0.109375
0 0.521240234375 0.41455078125 0.01708984375 0.0849609375
0 0.602783203125 0.41650390625 0.02197265625 0.1083984375
0 0.709716796875 0.4052734375 0.02001953125 0.099609375
0 0.697509765625 0.39697265625 0.01904296875 0.0947265625
0 0.665283203125 0.41357421875 0.02392578125 0.1162109375
0 0.78857421875 0.39990234375 0.0244140625 0.1201171875
0 0.7978515625 0.412109375 0.021484375 0.10546875
0 0.8349609375 0.41259765625 0.0283203125 0.1396484375
0 0.829345703125 0.419921875 0.02783203125 0.13671875
0 0.868408203125 0.47412109375 0.03662109375 0.1787109375
0 0.88671875 0.43408203125 0.052734375 0.2587890625
0 0.89599609375 0.42822265625 0.05859375 0.2861328125
