0 0.1025390625 0.45068359375 0.033203125 0.1630859375
0 0.167236328125 0.46533203125 0.02392578125 0.1201171875
0 0.305419921875 0.43505859375 0.02978515625 0.1474609375
0 0.449951171875 0.47314453125 0.06884765625 0.3369140625
0 0.387939453125 0.4912109375 0.06591796875 0.32421875
0 0.54150390625 0.45556640625 0.0498046875 0.2451171875
0 0.6591796875 0.408203125 0.021484375 0.10546875
0 0.672607421875 0.40185546875 0.02490234375 0.1220703125
0 0.5361328125 0.51123046875 0.0556640625 0.2724609375
0 0.61669921875 0.4609375 0.048828125 0.240234375
0 0.583740234375 0.45654296875 0.07763671875 0.3779296875
0 0.669677734375 0.50439453125 0.06396484375 0.3134765625
0 0.634521484375 0.478515625 0.07763671875 0.380859375
0 0.792236328125 0.404296875 0.02197265625 0.107421875
0 0.8037109375 0.39404296875 0.0244140625 0.1220703125
0 0.753662109375 0.439453125 0.05615234375 0.275390625
0 0.740234375 0.4609375 0.0517578125 0.25390625
0 0.223876953125 0.44091796875 0.02978515625 0.1474609375
