0 0.234619140625 0.4150390625 0.01513671875 0.076171875
0 0.24462890625 0.40673828125 0.01953125 0.0966796875
0 0.214599609375 0.41748046875 0.03173828125 0.1552734375
0 0.4404296875 0.40185546875 0.0126953125 0.0634765625
0 0.593505859375 0.3701171875 0.01416015625 0.072265625
0 0.688232421875 0.35791015625 0.01513671875 0.0751953125
0 0.7001953125 0.36962890625 0.0146484375 0.0732421875
0 0.657470703125 0.4072265625 0.02783203125 0.13671875
0 0.6826171875 0.4013671875 0.02734375 0.134765625
0 0.82373046875 0.41015625 0.0498046875 0.24609375
