0 0.427490234375 0.44189453125 0.02294921875 0.1123046875
0 0.408935546875 0.44384765625 0.02001953125 0.1005859375
0 0.3681640625 0.4462890625 0.0341796875 0.16796875
0 0.273193359375 0.48974609375 0.08349609375 0.4091796875
0 0.234375 0.47119140625 0.1005859375 0.4912109375
0 0.2724609375 0.50927734375 0.0986328125 0.4814453125
0 0.4501953125 0.45703125 0.0517578125 0.25390625
0 0.472900390625 0.46728515625 0.04931640625 0.2392578125
0 0.61181640625 0.44873046875 0.0810546875 0.3955078125
0 0.558837890625 0.49169921875 0.09716796875 0.4736328125
0 0.5126953125 0.5048828125 0.1025390625 0.501953125
0 0.7041015625 0.41259765625 0.0185546875 0.0927734375
0 0.697021484375 0.4306640625 0.02490234375 0.125
0 0.77001953125 0.423828125 0.0205078125 0.1015625
0 0.743896484375 0.42919921875 0.03564453125 0.1748046875
0 0.76953125 0.41943359375 0.0263671875 0.1298828125
0 0.79443359375 0.43505859375 0.052734375 0.2587890625
0 0.673828125 0.447265625 0.0458984375 0.22265625
0 0.811279296875 0.45947265625 0.07666015625 0.3759765625
0 0.826171875 0.46435546875 0.0830078125 0.4052734375
