0 0.56494140625 0.4775390625 0.0791015625 0.388671875
0 0.630859375 0.4775390625 0.07421875 0.36328125
0 0.60693359375 0.52197265625 0.05859375 0.2880859375
0 0.70947265625 0.4755859375 0.068359375 0.333984375
0 0.69140625 0.48486328125 0.0673828125 0.3291015625
0 0.870361328125 0.453125 0.05419921875 0.265625
0 0.871826171875 0.48095703125 0.06103515625 0.2998046875
0 0.834228515625 0.478515625 0.06787109375 0.333984375
0 0.400146484375 0.4765625 0.07470703125 0.365234375
0 0.394287109375 0.48095703125 0.08642578125 0.4248046875
0 0.329833984375 0.50048828125 0.08642578125 0.4228515625
0 0.26171875 0.4921875 0.03125 0.154296875
0 0.234375 0.45751953125 0.0498046875 0.2451171875
0 0.22607421875 0.4765625 0.0810546875 0.396484375
0 0.07568359375 0.4287109375 0.060546875 0.296875
0 0.125 0.4892578125 0.0390625 0.19140625
0 0.162841796875 0.45703125 0.06201171875 0.302734375
