0 0.677734375 0.3134765625 0.0029296875 0.015625
0 0.7158203125 0.3349609375 0.0068359375 0.03515625
0 0.704345703125 0.33740234375 0.00732421875 0.0380859375
0 0.692626953125 0.3359375 0.00634765625 0.033203125
0 0.803466796875 0.3681640625 0.01513671875 0.076171875
0 0.963134765625 0.3544921875 0.01611328125 0.080078125
0 0.98974609375 0.35595703125 0.015625 0.0771484375
0 0.527587890625 0.3662109375 0.02001953125 0.099609375
0 0.480224609375 0.373046875 0.02099609375 0.103515625
0 0.45361328125 0.37451171875 0.0185546875 0.0927734375
0 0.44140625 0.369140625 0.01953125 0.095703125
0 0.4375 0.3740234375 0.0205078125 0.1015625
0 0.459228515625 0.37255859375 0.01904296875 0.0966796875
0 0.492919921875 0.4169921875 0.07275390625 0.35546875
0 0.506103515625 0.43505859375 0.07470703125 0.3642578125
0 0.2705078125 0.37646484375 0.02734375 0.1337890625
0 0.299560546875 0.4423828125 0.08349609375 0.41015625
0 0.319580078125 0.49267578125 0.07373046875 0.3603515625
0 0.644287109375 0.4375 0.06396484375 0.3125
0 0.5791015625 0.5146484375 0.0732421875 0.357421875
0 0.369873046875 0.37646484375 0.02783203125 0.1376953125
0 0.385498046875 0.38232421875 0.02490234375 0.1220703125
0 0.2431640625 0.37841796875 0.029296875 0.1435546875
0 0.22119140625 0.3896484375 0.021484375 0.10546875
0 0.19775390625 0.37890625 0.0244140625 0.12109375
0 0.171630859375 0.3779296875 0.02685546875 0.1328125
0 0.204345703125 0.37939453125 0.02587890625 0.1259765625
0 0.185546875 0.3837890625 0.025390625 0.125
0 0.215576171875 0.37255859375 0.03076171875 0.1513671875
