0 0.052734375 0.423828125 0.0244140625 0.12109375
0 0.033935546875 0.43212890625 0.02294921875 0.1142578125
0 0.05810546875 0.42041015625 0.025390625 0.1279296875
0 0.131591796875 0.41796875 0.02197265625 0.109375
0 0.18017578125 0.421875 0.0166015625 0.08203125
0 0.1748046875 0.4208984375 0.0166015625 0.08203125
0 0.24951171875 0.41357421875 0.013671875 0.0693359375
0 0.24267578125 0.41748046875 0.013671875 0.0673828125
0 0.2802734375 0.40673828125 0.0146484375 0.0732421875
0 0.34765625 0.419921875 0.0458984375 0.224609375
0 0.66650390625 0.39599609375 0.0107421875 0.0537109375
0 0.683349609375 0.39306640625 0.01318359375 0.0654296875
0 0.690185546875 0.392578125 0.01318359375 0.06640625
0 0.79638671875 0.40478515625 0.0224609375 0.1123046875
