0 0.5234375 0.40625 0.009765625 0.05078125
0 0.582763671875 0.41796875 0.01025390625 0.05078125
0 0.5732421875 0.416015625 0.0107421875 0.0546875
0 0.356201171875 0.40380859375 0.01318359375 0.0654296875
0 0.343505859375 0.40771484375 0.01318359375 0.0654296875
0 0.0947265625 0.40478515625 0.0341796875 0.1669921875
0 0.130615234375 0.408203125 0.03369140625 0.166015625
0 0.21044921875 0.404296875 0.01953125 0.095703125
0 0.241943359375 0.40087890625 0.02001953125 0.0986328125
0 0.228515625 0.40380859375 0.0205078125 0.1025390625
0 0.2705078125 0.39892578125 0.01953125 0.0966796875
0 0.258544921875 0.40087890625 0.02001953125 0.0986328125
0 0.256103515625 0.41015625 0.02001953125 0.099609375
0 0.703857421875 0.427734375 0.02001953125 0.099609375
0 0.68017578125 0.43212890625 0.021484375 0.1064453125
0 0.760009765625 0.43896484375 0.02880859375 0.1416015625
0 0.804443359375 0.44775390625 0.02978515625 0.1474609375
0 0.78857421875 0.447265625 0.0302734375 0.150390625
0 0.8828125 0.4453125 0.0458984375 0.224609375
