0 0.47998046875 0.33349609375 0.01171875 0.0576171875
0 0.47314453125 0.33544921875 0.0107421875 0.0517578125
0 0.493896484375 0.33251953125 0.01123046875 0.0556640625
0 0.50146484375 0.3291015625 0.0126953125 0.0625
0 0.311279296875 0.3359375 0.00634765625 0.033203125
0 0.318115234375 0.3349609375 0.00830078125 0.041015625
0 0.3427734375 0.3349609375 0.0078125 0.041015625
0 0.3515625 0.33447265625 0.009765625 0.0478515625
0 0.3681640625 0.3330078125 0.0078125 0.041015625
0 0.360595703125 0.33642578125 0.00732421875 0.0380859375
0 0.39697265625 0.3349609375 0.01171875 0.05859375
0 0.589111328125 0.3388671875 0.02197265625 0.107421875
0 0.5791015625 0.34423828125 0.021484375 0.1064453125
0 0.602294921875 0.35205078125 0.02197265625 0.1103515625
0 0.8349609375 0.38037109375 0.0302734375 0.1494140625
0 0.8076171875 0.3564453125 0.041015625 0.201171875
0 0.95751953125 0.3720703125 0.037109375 0.18359375
0 0.987060546875 0.37109375 0.02490234375 0.142578125
0 0.968505859375 0.36865234375 0.03955078125 0.1943359375
0 0.95556640625 0.36669921875 0.04296875 0.2099609375
0 0.41357421875 0.37060546875 0.0322265625 0.1591796875
0 0.39453125 0.39111328125 0.052734375 0.2587890625
