0 0.49853515625 0.4072265625 0.0185546875 0.091796875
0 0.5537109375 0.39892578125 0.015625 0.0771484375
0 0.618408203125 0.39990234375 0.01513671875 0.0751953125
0 0.632080078125 0.412109375 0.03955078125 0.1953125
0 0.64208984375 0.42333984375 0.0361328125 0.1767578125
0 0.6552734375 0.42333984375 0.044921875 0.2216796875
0 0.722900390625 0.4091796875 0.04443359375 0.220703125
0 0.683349609375 0.42529296875 0.04345703125 0.2138671875
0 0.708984375 0.412109375 0.0498046875 0.24609375
0 0.2763671875 0.42138671875 0.0166015625 0.0810546875
0 0.2529296875 0.41943359375 0.0166015625 0.0830078125
0 0.266357421875 0.4189453125 0.01806640625 0.08984375
0 0.169921875 0.42919921875 0.0185546875 0.0908203125
0 0.130126953125 0.4228515625 0.03955078125 0.193359375
0 0.14111328125 0.4443359375 0.0361328125 0.177734375
0 0.138916015625 0.44140625 0.04150390625 0.205078125
0 0.037841796875 0.42529296875 0.03076171875 0.1513671875
