0 0.710205078125 0.44287109375 0.01025390625 0.0517578125
0 0.721435546875 0.44287109375 0.01025390625 0.0517578125
0 0.73974609375 0.45458984375 0.0224609375 0.1103515625
0 0.75537109375 0.451171875 0.0234375 0.115234375
0 0.987060546875 0.43408203125 0.02490234375 0.2197265625
0 0.63232421875 0.458984375 0.0322265625 0.16015625
0 0.651123046875 0.458984375 0.03076171875 0.15234375
0 0.663818359375 0.4609375 0.03173828125 0.15625
0 0.64892578125 0.46240234375 0.03125 0.1552734375
0 0.1708984375 0.47216796875 0.015625 0.0771484375
0 0.159912109375 0.46728515625 0.02099609375 0.1025390625
0 0.2099609375 0.4736328125 0.0126953125 0.0625
0 0.196044921875 0.47509765625 0.01416015625 0.0712890625
0 0.216796875 0.45849609375 0.025390625 0.1240234375
