0 0.65625 0.39892578125 0.025390625 0.1259765625
0 0.6865234375 0.40478515625 0.0224609375 0.1103515625
0 0.729736328125 0.39892578125 0.04150390625 0.2041015625
0 0.408935546875 0.412109375 0.03759765625 0.18359375
0 0.430419921875 0.40283203125 0.04443359375 0.2177734375
0 0.162109375 0.39892578125 0.0263671875 0.1298828125
0 0.111328125 0.40087890625 0.025390625 0.1240234375
0 0.13525390625 0.39306640625 0.0283203125 0.1396484375
0 0.286865234375 0.416015625 0.05419921875 0.265625
0 0.305908203125 0.4208984375 0.05615234375 0.275390625
0 0.386962890625 0.4228515625 0.05908203125 0.2890625
0 0.482177734375 0.41845703125 0.06396484375 0.3115234375
0 0.563232421875 0.4130859375 0.04931640625 0.240234375
0 0.60205078125 0.41064453125 0.0478515625 0.2353515625
0 0.625732421875 0.43896484375 0.05517578125 0.2705078125
0 0.8037109375 0.43896484375 0.04296875 0.2119140625
0 0.791259765625 0.42919921875 0.04736328125 0.2314453125
0 0.735595703125 0.4462890625 0.03955078125 0.1953125
0 0.84716796875 0.40478515625 0.0361328125 0.1767578125
0 0.90185546875 0.4130859375 0.0322265625 0.158203125
0 0.926513671875 0.42919921875 0.03076171875 0.1513671875
