0 0.505859375 0.40283203125 0.0048828125 0.0263671875
0 0.49951171875 0.400390625 0.005859375 0.029296875
0 0.515625 0.40283203125 0.005859375 0.0302734375
0 0.400390625 0.41162109375 0.0146484375 0.0732421875
0 0.370361328125 0.4140625 0.01416015625 0.0703125
0 0.354248046875 0.4072265625 0.00927734375 0.046875
0 0.33740234375 0.40576171875 0.009765625 0.0498046875
0 0.34033203125 0.41015625 0.0087890625 0.04296875
0 0.322265625 0.4072265625 0.0087890625 0.044921875
0 0.13525390625 0.42724609375 0.0576171875 0.2822265625
0 0.1494140625 0.4521484375 0.052734375 0.259765625
0 0.644775390625 0.39697265625 0.00341796875 0.0185546875
0 0.71435546875 0.447265625 0.0791015625 0.38671875
0 0.4384765625 0.4306640625 0.0732421875 0.357421875
0 0.43896484375 0.46044921875 0.0712890625 0.3505859375
0 0.238037109375 0.44677734375 0.05908203125 0.2900390625
0 0.270751953125 0.43212890625 0.06787109375 0.3330078125
0 0.3037109375 0.43115234375 0.0732421875 0.3564453125
0 0.53515625 0.39892578125 0.0068359375 0.0361328125
0 0.57080078125 0.40771484375 0.0166015625 0.0830078125
0 0.583251953125 0.41162109375 0.01708984375 0.0849609375
0 0.611572265625 0.45458984375 0.06884765625 0.3388671875
0 0.509521484375 0.408203125 0.00439453125 0.021484375
0 0.508056640625 0.3935546875 0.00341796875 0.01953125
