0 0.6494140625 0.4384765625 0.0322265625 0.16015625
0 0.650634765625 0.4501953125 0.05712890625 0.28125
0 0.685791015625 0.35107421875 0.00634765625 0.0322265625
0 0.69970703125 0.4111328125 0.0400390625 0.197265625
0 0.741943359375 0.42236328125 0.03076171875 0.1513671875
0 0.732177734375 0.42919921875 0.05712890625 0.2822265625
0 0.6796875 0.45849609375 0.0615234375 0.3017578125
0 0.83837890625 0.4345703125 0.03515625 0.173828125
0 0.834228515625 0.4287109375 0.05126953125 0.25
0 0.907958984375 0.421875 0.06103515625 0.298828125
0 0.795654296875 0.44482421875 0.07958984375 0.3896484375
0 0.801025390625 0.45458984375 0.09912109375 0.4873046875
0 0.87451171875 0.4169921875 0.1083984375 0.529296875
0 0.526123046875 0.4091796875 0.01123046875 0.056640625
0 0.5322265625 0.4208984375 0.0166015625 0.08203125
0 0.36962890625 0.4033203125 0.0107421875 0.0546875
0 0.36669921875 0.416015625 0.009765625 0.048828125
0 0.3759765625 0.41650390625 0.013671875 0.0693359375
0 0.376953125 0.4189453125 0.0146484375 0.072265625
0 0.378662109375 0.4345703125 0.00927734375 0.044921875
0 0.40478515625 0.41015625 0.0185546875 0.091796875
0 0.403076171875 0.41162109375 0.01904296875 0.0947265625
0 0.389404296875 0.4111328125 0.01708984375 0.0859375
0 0.579833984375 0.4560546875 0.05126953125 0.25
