0 0.48583984375 0.42138671875 0.005859375 0.0283203125
0 0.4931640625 0.42138671875 0.005859375 0.0302734375
0 0.4794921875 0.4208984375 0.005859375 0.03125
0 0.50048828125 0.419921875 0.0078125 0.041015625
0 0.51171875 0.42138671875 0.0107421875 0.0537109375
0 0.5205078125 0.42333984375 0.009765625 0.0498046875
0 0.53076171875 0.42041015625 0.009765625 0.0478515625
0 0.58935546875 0.43310546875 0.0146484375 0.0751953125
0 0.6171875 0.4296875 0.017578125 0.087890625
0 0.641357421875 0.4287109375 0.01806640625 0.08984375
0 0.771484375 0.4462890625 0.04296875 0.208984375
0 0.820556640625 0.44091796875 0.04541015625 0.2236328125
0 0.840576171875 0.43212890625 0.05224609375 0.2548828125
0 0.193359375 0.43310546875 0.0166015625 0.0810546875
0 0.179443359375 0.4345703125 0.01611328125 0.080078125
