0 0.751708984375 0.40283203125 0.01904296875 0.0927734375
0 0.8857421875 0.3759765625 0.0244140625 0.119140625
0 0.9541015625 0.3916015625 0.02734375 0.13671875
0 0.985595703125 0.41650390625 0.02783203125 0.2314453125
0 0.5361328125 0.388671875 0.009765625 0.05078125
0 0.515869140625 0.39404296875 0.00634765625 0.0322265625
0 0.503662109375 0.39599609375 0.00537109375 0.0283203125
0 0.48193359375 0.3916015625 0.0087890625 0.04296875
0 0.469482421875 0.39111328125 0.00732421875 0.0380859375
0 0.47509765625 0.39453125 0.0078125 0.0390625
0 0.463623046875 0.38916015625 0.00732421875 0.0380859375
0 0.457763671875 0.39306640625 0.00830078125 0.0419921875
0 0.4501953125 0.39306640625 0.0087890625 0.0439453125
0 0.43408203125 0.3935546875 0.0087890625 0.044921875
0 0.439208984375 0.3935546875 0.00927734375 0.046875
0 0.42724609375 0.392578125 0.0087890625 0.044921875
0 0.43017578125 0.39208984375 0.0087890625 0.0458984375
0 0.420166015625 0.39599609375 0.00830078125 0.0419921875
0 0.4111328125 0.3935546875 0.0087890625 0.044921875
0 0.4072265625 0.39208984375 0.0087890625 0.0439453125
0 0.360107421875 0.39501953125 0.01025390625 0.0498046875
0 0.3671875 0.39697265625 0.009765625 0.0478515625
0 0.35302734375 0.39306640625 0.0107421875 0.0556640625
0 0.33984375 0.39453125 0.01171875 0.05859375
0 0.332763671875 0.3955078125 0.01123046875 0.056640625
0 0.31494140625 0.388671875 0.009765625 0.048828125
0 0.305908203125 0.39208984375 0.01123046875 0.0556640625
0 0.311767578125 0.3935546875 0.01123046875 0.0546875
0 0.320068359375 0.39306640625 0.01123046875 0.0576171875
0 0.281494140625 0.3916015625 0.01123046875 0.056640625
0 0.2890625 0.39306640625 0.0126953125 0.0634765625
0 0.27587890625 0.39208984375 0.0126953125 0.0654296875
0 0.230712890625 0.392578125 0.01220703125 0.060546875
0 0.24072265625 0.39306640625 0.01171875 0.0576171875
0 0.10107421875 0.39697265625 0.013671875 0.0693359375
0 0.494873046875 0.3935546875 0.00634765625 0.033203125
