0 0.896484375 0.33447265625 0.0087890625 0.0458984375
0 0.5830078125 0.35595703125 0.0107421875 0.0537109375
0 0.576416015625 0.3603515625 0.01025390625 0.05078125
0 0.595947265625 0.36328125 0.01025390625 0.05078125
0 0.432373046875 0.37451171875 0.01318359375 0.0654296875
0 0.528564453125 0.365234375 0.01123046875 0.056640625
0 0.54736328125 0.36376953125 0.0087890625 0.0439453125
0 0.537841796875 0.3603515625 0.00927734375 0.046875
0 0.544921875 0.36865234375 0.0107421875 0.0537109375
0 0.53125 0.36767578125 0.0107421875 0.0556640625
0 0.53662109375 0.369140625 0.0107421875 0.052734375
0 0.52099609375 0.3642578125 0.0107421875 0.052734375
0 0.523681640625 0.3671875 0.01025390625 0.05078125
0 0.507568359375 0.3662109375 0.01123046875 0.056640625
0 0.514892578125 0.36572265625 0.01025390625 0.0517578125
0 0.500244140625 0.36767578125 0.01220703125 0.0615234375
0 0.48974609375 0.3671875 0.01171875 0.05859375
