0 0.008544921875 0.1279296875 0.01220703125 0.0625
0 0.018310546875 0.12744140625 0.01416015625 0.0693359375
0 0.4736328125 0.38330078125 0.00390625 0.0224609375
0 0.429443359375 0.3916015625 0.00927734375 0.046875
0 0.4228515625 0.3798828125 0.0048828125 0.025390625
0 0.414306640625 0.39697265625 0.01416015625 0.0693359375
0 0.4052734375 0.39794921875 0.0126953125 0.0634765625
0 0.375 0.38720703125 0.0107421875 0.0537109375
0 0.3818359375 0.39794921875 0.013671875 0.0693359375
0 0.35595703125 0.39306640625 0.0078125 0.0400390625
0 0.34423828125 0.39208984375 0.0126953125 0.0634765625
0 0.349365234375 0.3876953125 0.01611328125 0.078125
0 0.04833984375 0.12548828125 0.0146484375 0.0712890625
0 0.072265625 0.12451171875 0.0146484375 0.0712890625
0 0.07666015625 0.13720703125 0.0126953125 0.0634765625
0 0.0732421875 0.16015625 0.009765625 0.05078125
0 0.18505859375 0.287109375 0.009765625 0.048828125
0 0.20263671875 0.2958984375 0.0078125 0.041015625
0 0.26904296875 0.32080078125 0.0107421875 0.0537109375
0 0.26806640625 0.34375 0.0126953125 0.0625
0 0.257080078125 0.3583984375 0.01025390625 0.052734375
0 0.311767578125 0.392578125 0.01318359375 0.064453125
0 0.239501953125 0.39453125 0.02001953125 0.09765625
0 0.275146484375 0.3876953125 0.01416015625 0.0703125
0 0.263427734375 0.39208984375 0.01513671875 0.0751953125
0 0.25390625 0.38671875 0.015625 0.078125
0 0.260986328125 0.3994140625 0.01904296875 0.09375
0 0.254150390625 0.40087890625 0.01806640625 0.0908203125
0 0.2744140625 0.400390625 0.017578125 0.087890625
0 0.327392578125 0.4091796875 0.02197265625 0.109375
0 0.32080078125 0.4052734375 0.0234375 0.115234375
0 0.1748046875 0.39013671875 0.0185546875 0.0908203125
0 0.00830078125 0.39111328125 0.0166015625 0.1044921875
0 0.055419921875 0.38525390625 0.02197265625 0.1083984375
0 0.042236328125 0.39306640625 0.02294921875 0.1123046875
0 0.060791015625 0.39208984375 0.02294921875 0.1142578125
0 0.077880859375 0.388671875 0.02490234375 0.123046875
0 0.111572265625 0.4033203125 0.01416015625 0.0703125
0 0.144287109375 0.392578125 0.01904296875 0.091796875
0 0.13720703125 0.39013671875 0.01953125 0.0966796875
0 0.12890625 0.39111328125 0.0185546875 0.0927734375
0 0.160400390625 0.39013671875 0.01904296875 0.0927734375
0 0.154052734375 0.39111328125 0.01904296875 0.0927734375
0 0.19873046875 0.392578125 0.0185546875 0.091796875
0 0.284423828125 0.39013671875 0.01416015625 0.0712890625
0 0.2802734375 0.3896484375 0.0146484375 0.0703125
0 0.30615234375 0.38427734375 0.01171875 0.0595703125
0 0.300048828125 0.392578125 0.01416015625 0.0703125
0 0.3076171875 0.39208984375 0.0146484375 0.0732421875
0 0.338623046875 0.4091796875 0.02197265625 0.109375
