0 0.44677734375 0.404296875 0.0048828125 0.025390625
0 0.450927734375 0.40283203125 0.00537109375 0.0283203125
0 0.457763671875 0.40234375 0.00537109375 0.02734375
0 0.48095703125 0.408203125 0.00390625 0.021484375
0 0.67333984375 0.38623046875 0.025390625 0.1259765625
0 0.697021484375 0.38232421875 0.02685546875 0.1318359375
0 0.738037109375 0.376953125 0.02685546875 0.130859375
0 0.761474609375 0.376953125 0.02490234375 0.125
0 0.954833984375 0.3642578125 0.02490234375 0.123046875
0 0.385986328125 0.41162109375 0.00341796875 0.0166015625
0 0.370849609375 0.408203125 0.00537109375 0.029296875
0 0.364501953125 0.412109375 0.00634765625 0.03125
0 0.21533203125 0.43603515625 0.01171875 0.0595703125
0 0.174560546875 0.4296875 0.01123046875 0.056640625
0 0.197265625 0.43603515625 0.01171875 0.0576171875
0 0.144287109375 0.45166015625 0.01806640625 0.0908203125
0 0.111572265625 0.4462890625 0.01611328125 0.08203125
0 0.068115234375 0.453125 0.02392578125 0.119140625
0 0.43017578125 0.474609375 0.080078125 0.392578125
