0 0.345703125 0.38818359375 0.0263671875 0.1279296875
0 0.3046875 0.388671875 0.02734375 0.134765625
0 0.255126953125 0.400390625 0.03466796875 0.169921875
0 0.33642578125 0.38916015625 0.037109375 0.1826171875
0 0.40283203125 0.3857421875 0.0361328125 0.177734375
0 0.285400390625 0.396484375 0.03662109375 0.181640625
0 0.773681640625 0.37939453125 0.02197265625 0.1083984375
0 0.888671875 0.3876953125 0.017578125 0.0859375
0 0.91162109375 0.38232421875 0.01953125 0.0966796875
0 0.92822265625 0.40869140625 0.0380859375 0.1884765625
