0 0.577880859375 0.4150390625 0.00732421875 0.03515625
0 0.57275390625 0.412109375 0.0068359375 0.033203125
0 0.45458984375 0.416015625 0.0068359375 0.03515625
0 0.322265625 0.42724609375 0.009765625 0.0498046875
0 0.3134765625 0.43212890625 0.01171875 0.0595703125
0 0.297119140625 0.4287109375 0.01220703125 0.060546875
0 0.017822265625 0.44384765625 0.01904296875 0.0927734375
0 0.0068359375 0.4462890625 0.013671875 0.091796875
0 0.5244140625 0.41455078125 0.0078125 0.0380859375
0 0.519775390625 0.41650390625 0.00634765625 0.0322265625
0 0.51513671875 0.41552734375 0.0078125 0.0400390625
0 0.508056640625 0.41845703125 0.00537109375 0.0283203125
0 0.50390625 0.4169921875 0.0068359375 0.03515625
0 0.49755859375 0.41796875 0.0068359375 0.03515625
0 0.492919921875 0.41748046875 0.00732421875 0.0380859375
0 0.48828125 0.4150390625 0.0078125 0.0390625
0 0.47802734375 0.41748046875 0.0068359375 0.0361328125
0 0.474365234375 0.41650390625 0.00634765625 0.0341796875
0 0.4697265625 0.4169921875 0.0068359375 0.03515625
0 0.45849609375 0.4169921875 0.005859375 0.03125
0 0.464111328125 0.41748046875 0.00634765625 0.0322265625
