0 0.032470703125 0.453125 0.02880859375 0.142578125
0 0.568359375 0.39794921875 0.01171875 0.0576171875
0 0.58447265625 0.3916015625 0.013671875 0.068359375
0 0.590087890625 0.3935546875 0.01220703125 0.060546875
0 0.597412109375 0.388671875 0.01318359375 0.064453125
0 0.609619140625 0.3876953125 0.01123046875 0.056640625
0 0.60498046875 0.3876953125 0.013671875 0.068359375
0 0.61572265625 0.38525390625 0.0126953125 0.0615234375
0 0.66015625 0.37255859375 0.009765625 0.0478515625
0 0.655029296875 0.369140625 0.00927734375 0.046875
0 0.668701171875 0.373046875 0.01416015625 0.072265625
0 0.554443359375 0.390625 0.01220703125 0.060546875
0 0.749267578125 0.373046875 0.01611328125 0.080078125
0 0.746337890625 0.37890625 0.01611328125 0.080078125
0 0.728271484375 0.37255859375 0.02001953125 0.0986328125
0 0.767578125 0.36962890625 0.017578125 0.0869140625
0 0.783203125 0.380859375 0.0205078125 0.1015625
0 0.803955078125 0.3818359375 0.02001953125 0.099609375
0 0.51513671875 0.39404296875 0.013671875 0.0673828125
0 0.902587890625 0.361328125 0.04833984375 0.23828125
0 0.979248046875 0.35888671875 0.04052734375 0.2275390625
