0 0.795654296875 0.390625 0.02392578125 0.119140625
0 0.416259765625 0.4208984375 0.01708984375 0.0859375
0 0.717529296875 0.3857421875 0.01904296875 0.095703125
0 0.663818359375 0.400390625 0.02587890625 0.12890625
0 0.729248046875 0.392578125 0.02880859375 0.140625
0 0.756591796875 0.4013671875 0.03076171875 0.150390625
0 0.634521484375 0.41064453125 0.02587890625 0.1279296875
0 0.406005859375 0.419921875 0.01806640625 0.087890625
0 0.335693359375 0.42041015625 0.01904296875 0.0947265625
0 0.326904296875 0.42138671875 0.02001953125 0.0986328125
