0 0.6259765625 0.4091796875 0.005859375 0.029296875
0 0.50634765625 0.40234375 0.0068359375 0.03515625
0 0.48779296875 0.40234375 0.0087890625 0.044921875
0 0.477783203125 0.4072265625 0.00732421875 0.037109375
0 0.42041015625 0.41357421875 0.0087890625 0.0439453125
0 0.41015625 0.419921875 0.01953125 0.09765625
0 0.390380859375 0.4150390625 0.01806640625 0.08984375
0 0.318115234375 0.4384765625 0.03271484375 0.16015625
0 0.306396484375 0.44482421875 0.03466796875 0.1708984375
0 0.2744140625 0.4443359375 0.033203125 0.1640625
0 0.27587890625 0.45849609375 0.02734375 0.1357421875
0 0.2060546875 0.42138671875 0.0166015625 0.0830078125
0 0.224853515625 0.447265625 0.03369140625 0.166015625
0 0.237548828125 0.44287109375 0.03564453125 0.1748046875
0 0.18994140625 0.4375 0.0341796875 0.169921875
0 0.196044921875 0.4482421875 0.03271484375 0.162109375
0 0.163330078125 0.44091796875 0.03466796875 0.1708984375
0 0.179443359375 0.443359375 0.03466796875 0.169921875
0 0.151611328125 0.447265625 0.04736328125 0.232421875
0 0.138427734375 0.4580078125 0.04638671875 0.228515625
0 0.7958984375 0.4033203125 0.009765625 0.048828125
0 0.802978515625 0.3994140625 0.00830078125 0.04296875
0 0.76611328125 0.41259765625 0.0078125 0.0400390625
0 0.814453125 0.412109375 0.017578125 0.087890625
0 0.846435546875 0.41357421875 0.01611328125 0.0810546875
0 0.880859375 0.4013671875 0.015625 0.076171875
0 0.8876953125 0.404296875 0.0126953125 0.064453125
0 0.898193359375 0.40087890625 0.01318359375 0.0673828125
0 0.9052734375 0.3984375 0.01171875 0.056640625
0 0.916748046875 0.39111328125 0.01220703125 0.0615234375
0 0.90380859375 0.41015625 0.0185546875 0.09375
0 0.9208984375 0.41845703125 0.0224609375 0.1103515625
0 0.6357421875 0.41015625 0.0048828125 0.025390625
