0 0.85302734375 0.3994140625 0.0107421875 0.052734375
0 0.859619140625 0.400390625 0.01123046875 0.056640625
0 0.869384765625 0.39453125 0.01513671875 0.076171875
0 0.887451171875 0.39794921875 0.01416015625 0.0712890625
0 0.674560546875 0.4130859375 0.00537109375 0.029296875
0 0.66552734375 0.41064453125 0.0068359375 0.0341796875
0 0.9619140625 0.396484375 0.025390625 0.125
0 0.927001953125 0.43603515625 0.05419921875 0.2666015625
0 0.982421875 0.4345703125 0.0341796875 0.216796875
0 0.9833984375 0.43359375 0.0322265625 0.283203125
0 0.7626953125 0.44287109375 0.0439453125 0.2158203125
0 0.825927734375 0.43701171875 0.04541015625 0.2216796875
0 0.712646484375 0.4423828125 0.06103515625 0.298828125
0 0.6162109375 0.4189453125 0.025390625 0.126953125
0 0.59521484375 0.423828125 0.0224609375 0.109375
0 0.614990234375 0.443359375 0.01416015625 0.0703125
0 0.61181640625 0.423828125 0.0302734375 0.150390625
0 0.630859375 0.45458984375 0.05859375 0.2861328125
0 0.56884765625 0.43896484375 0.04296875 0.2119140625
0 0.533203125 0.43896484375 0.044921875 0.2197265625
0 0.505859375 0.435546875 0.0517578125 0.251953125
0 0.457275390625 0.4287109375 0.02294921875 0.111328125
0 0.05029296875 0.4462890625 0.02734375 0.134765625
0 0.0751953125 0.44482421875 0.0283203125 0.1396484375
0 0.130859375 0.45166015625 0.0234375 0.1162109375
0 0.3759765625 0.43505859375 0.0234375 0.1162109375
0 0.194580078125 0.44970703125 0.02392578125 0.1181640625
0 0.230224609375 0.43212890625 0.02880859375 0.1435546875
0 0.320068359375 0.46923828125 0.03564453125 0.1748046875
0 0.291259765625 0.47412109375 0.03369140625 0.1650390625
0 0.27978515625 0.46826171875 0.04296875 0.2099609375
0 0.385009765625 0.4423828125 0.03955078125 0.1953125
