0 0.623779296875 0.3935546875 0.00927734375 0.044921875
0 0.859619140625 0.388671875 0.03076171875 0.15234375
0 0.832275390625 0.390625 0.02392578125 0.1171875
0 0.85009765625 0.4033203125 0.02734375 0.134765625
0 0.341064453125 0.3955078125 0.00830078125 0.041015625
0 0.345458984375 0.39697265625 0.00927734375 0.0458984375
0 0.742919921875 0.39697265625 0.02294921875 0.1142578125
0 0.31396484375 0.39111328125 0.009765625 0.0478515625
0 0.324462890625 0.39306640625 0.00927734375 0.0478515625
0 0.272705078125 0.41650390625 0.02197265625 0.1083984375
0 0.156005859375 0.41064453125 0.02197265625 0.1064453125
0 0.139404296875 0.4033203125 0.02197265625 0.107421875
0 0.117919921875 0.400390625 0.02197265625 0.109375
0 0.060791015625 0.4033203125 0.03369140625 0.166015625
0 0.5498046875 0.390625 0.005859375 0.03125
0 0.63134765625 0.392578125 0.0107421875 0.0546875
0 0.5927734375 0.39208984375 0.0087890625 0.0439453125
0 0.673095703125 0.38623046875 0.01416015625 0.0712890625
0 0.705322265625 0.43017578125 0.04638671875 0.2294921875
0 0.734130859375 0.3994140625 0.02587890625 0.126953125
0 0.932861328125 0.40283203125 0.03466796875 0.1689453125
0 0.9794921875 0.38916015625 0.0400390625 0.2548828125
0 0.95654296875 0.42724609375 0.052734375 0.2587890625
