0 0.3388671875 0.40576171875 0.0146484375 0.0732421875
0 0.299072265625 0.390625 0.01416015625 0.0703125
0 0.537841796875 0.40234375 0.00732421875 0.037109375
0 0.3486328125 0.396484375 0.013671875 0.068359375
0 0.27978515625 0.390625 0.0146484375 0.072265625
0 0.042724609375 0.38427734375 0.02001953125 0.1005859375
0 0.9892578125 0.38525390625 0.0205078125 0.1416015625
0 0.767578125 0.39697265625 0.0146484375 0.0732421875
0 0.781005859375 0.38818359375 0.01416015625 0.0693359375
0 0.21142578125 0.443359375 0.0419921875 0.20703125
