0 0.181396484375 0.46875 0.01220703125 0.0625
0 0.1708984375 0.470703125 0.0126953125 0.0625
0 0.4912109375 0.443359375 0.0048828125 0.02734375
0 0.486083984375 0.43994140625 0.00634765625 0.0322265625
0 0.013671875 0.49951171875 0.025390625 0.1259765625
0 0.525390625 0.4453125 0.00390625 0.021484375
0 0.5537109375 0.435546875 0.0078125 0.0390625
0 0.65673828125 0.4296875 0.01171875 0.05859375
0 0.662841796875 0.42919921875 0.01220703125 0.0615234375
0 0.6513671875 0.43408203125 0.0126953125 0.0634765625
0 0.40966796875 0.44775390625 0.001953125 0.0107421875
