0 0.7822265625 0.4306640625 0.0185546875 0.091796875
0 0.760009765625 0.4384765625 0.01611328125 0.08203125
0 0.771484375 0.4287109375 0.01953125 0.09765625
0 0.742919921875 0.416015625 0.01416015625 0.072265625
0 0.74267578125 0.43310546875 0.0166015625 0.0830078125
0 0.73095703125 0.431640625 0.0205078125 0.103515625
0 0.71875 0.42919921875 0.021484375 0.1064453125
0 0.712158203125 0.43310546875 0.02001953125 0.1005859375
0 0.5576171875 0.421875 0.0107421875 0.0546875
0 0.496826171875 0.4404296875 0.03759765625 0.185546875
0 0.460205078125 0.43359375 0.03955078125 0.1953125
0 0.389892578125 0.41552734375 0.03271484375 0.1611328125
0 0.2822265625 0.4453125 0.0361328125 0.17578125
0 0.248046875 0.45654296875 0.0400390625 0.1962890625
0 0.281005859375 0.4501953125 0.04248046875 0.208984375
