0 0.086669921875 0.40478515625 0.01513671875 0.0751953125
0 0.159912109375 0.41162109375 0.01123046875 0.0556640625
0 0.23046875 0.39208984375 0.0107421875 0.0537109375
0 0.2568359375 0.39111328125 0.0087890625 0.0458984375
0 0.764892578125 0.41015625 0.05810546875 0.283203125
0 0.803466796875 0.4541015625 0.03564453125 0.17578125
0 0.84130859375 0.41162109375 0.0498046875 0.2451171875
0 0.513671875 0.37353515625 0.0068359375 0.0341796875
0 0.5537109375 0.39453125 0.0205078125 0.1015625
0 0.581298828125 0.3857421875 0.01904296875 0.09375
0 0.596923828125 0.3857421875 0.01904296875 0.095703125
0 0.608154296875 0.3896484375 0.02099609375 0.103515625
0 0.605712890625 0.38916015625 0.02490234375 0.1220703125
