0 0.400634765625 0.41015625 0.00927734375 0.046875
0 0.835205078125 0.41064453125 0.03955078125 0.1943359375
0 0.76123046875 0.421875 0.029296875 0.146484375
0 0.79052734375 0.4091796875 0.0341796875 0.16796875
0 0.84765625 0.4140625 0.0390625 0.193359375
0 0.84033203125 0.4296875 0.0400390625 0.197265625
0 0.91552734375 0.41015625 0.0517578125 0.25390625
0 0.934814453125 0.4208984375 0.05029296875 0.24609375
0 0.875244140625 0.40087890625 0.04638671875 0.2294921875
0 0.886474609375 0.41015625 0.04345703125 0.212890625
