0 0.53466796875 0.400390625 0.009765625 0.048828125
0 0.5888671875 0.40185546875 0.01171875 0.0576171875
0 0.599853515625 0.3994140625 0.01220703125 0.060546875
0 0.62255859375 0.41015625 0.01953125 0.095703125
0 0.643310546875 0.40576171875 0.01708984375 0.0849609375
0 0.611083984375 0.41259765625 0.01904296875 0.0947265625
0 0.641845703125 0.4072265625 0.02099609375 0.10546875
0 0.824462890625 0.4375 0.06298828125 0.306640625
0 0.92919921875 0.43115234375 0.0458984375 0.2275390625
0 0.29638671875 0.42724609375 0.033203125 0.1630859375
