0 0.89453125 0.3779296875 0.01953125 0.09765625
0 0.404541015625 0.40283203125 0.01708984375 0.0869140625
0 0.40673828125 0.40283203125 0.0166015625 0.0830078125
0 0.4140625 0.4072265625 0.0185546875 0.091796875
0 0.39501953125 0.40771484375 0.01953125 0.0966796875
0 0.0859375 0.41259765625 0.0703125 0.3447265625
0 0.056396484375 0.4521484375 0.06005859375 0.29296875
0 0.141845703125 0.4453125 0.08154296875 0.3984375
0 0.232421875 0.44287109375 0.0810546875 0.3974609375
0 0.34619140625 0.46923828125 0.083984375 0.4111328125
0 0.33203125 0.45556640625 0.0947265625 0.4638671875
0 0.47119140625 0.47314453125 0.11328125 0.5556640625
0 0.521484375 0.5126953125 0.1103515625 0.541015625
0 0.69873046875 0.44580078125 0.07421875 0.3623046875
0 0.765869140625 0.5205078125 0.04443359375 0.21875
0 0.943115234375 0.369140625 0.01708984375 0.0859375
0 0.930908203125 0.3828125 0.02001953125 0.099609375
