0 0.3779296875 0.3974609375 0.0068359375 0.03515625
0 0.395263671875 0.4072265625 0.01220703125 0.060546875
0 0.40576171875 0.400390625 0.0126953125 0.064453125
0 0.631103515625 0.39990234375 0.01025390625 0.0517578125
0 0.650634765625 0.40283203125 0.01123046875 0.0556640625
0 0.685791015625 0.4130859375 0.01318359375 0.064453125
0 0.677001953125 0.40673828125 0.01806640625 0.0869140625
0 0.663330078125 0.4111328125 0.01611328125 0.080078125
0 0.760498046875 0.40869140625 0.01904296875 0.0966796875
0 0.74853515625 0.4130859375 0.021484375 0.10546875
0 0.760986328125 0.40625 0.02294921875 0.115234375
