0 0.5576171875 0.39892578125 0.005859375 0.0302734375
0 0.562744140625 0.39990234375 0.00439453125 0.0224609375
0 0.380615234375 0.41064453125 0.01025390625 0.0517578125
0 0.3681640625 0.41162109375 0.009765625 0.0478515625
0 0.351318359375 0.41015625 0.01318359375 0.06640625
0 0.359130859375 0.41845703125 0.01416015625 0.0693359375
0 0.3203125 0.40966796875 0.013671875 0.0673828125
0 0.295654296875 0.416015625 0.01416015625 0.0703125
0 0.199462890625 0.43505859375 0.02001953125 0.0986328125
0 0.178466796875 0.4267578125 0.02197265625 0.109375
0 0.135498046875 0.42431640625 0.02099609375 0.1044921875
0 0.0693359375 0.4384765625 0.0224609375 0.111328125
