0 0.656494140625 0.37353515625 0.01123046875 0.0556640625
0 0.68115234375 0.36865234375 0.0126953125 0.0615234375
0 0.68994140625 0.37255859375 0.013671875 0.0673828125
0 0.676513671875 0.36962890625 0.01318359375 0.0654296875
0 0.6923828125 0.36962890625 0.0166015625 0.0830078125
0 0.927490234375 0.34375 0.02001953125 0.09765625
0 0.91845703125 0.3701171875 0.0244140625 0.119140625
0 0.97998046875 0.37353515625 0.0390625 0.2353515625
0 0.93896484375 0.37548828125 0.03125 0.1552734375
0 0.76123046875 0.36181640625 0.0244140625 0.1201171875
0 0.783935546875 0.36865234375 0.02392578125 0.1181640625
0 0.739013671875 0.37890625 0.02783203125 0.13671875
0 0.728271484375 0.37158203125 0.03173828125 0.1572265625
0 0.728515625 0.408203125 0.017578125 0.087890625
0 0.874755859375 0.47412109375 0.12255859375 0.6005859375
0 0.183837890625 0.39404296875 0.03369140625 0.1650390625
0 0.140380859375 0.39501953125 0.03369140625 0.1650390625
0 0.052734375 0.43701171875 0.0751953125 0.3681640625
0 0.3544921875 0.43310546875 0.08203125 0.4013671875
0 0.27294921875 0.44287109375 0.1015625 0.4970703125
0 0.377685546875 0.48291015625 0.09423828125 0.4599609375
0 0.59423828125 0.45458984375 0.091796875 0.4482421875
0 0.59814453125 0.49169921875 0.1142578125 0.5576171875
0 0.619873046875 0.51220703125 0.12353515625 0.6025390625
