0 0.18212890625 0.43115234375 0.0341796875 0.1689453125
0 0.209228515625 0.44140625 0.04052734375 0.197265625
0 0.195556640625 0.439453125 0.04248046875 0.2109375
0 0.132080078125 0.443359375 0.04248046875 0.208984375
0 0.115234375 0.44775390625 0.041015625 0.2001953125
0 0.02197265625 0.451171875 0.0439453125 0.224609375
0 0.169677734375 0.46533203125 0.04931640625 0.2431640625
0 0.3818359375 0.419921875 0.0263671875 0.12890625
0 0.3662109375 0.41943359375 0.0244140625 0.1201171875
0 0.3681640625 0.41455078125 0.0302734375 0.1494140625
0 0.42138671875 0.40771484375 0.029296875 0.1435546875
0 0.500732421875 0.396484375 0.01123046875 0.056640625
0 0.511474609375 0.392578125 0.01416015625 0.0703125
0 0.594970703125 0.38623046875 0.01220703125 0.0615234375
0 0.615966796875 0.38134765625 0.01220703125 0.0615234375
0 0.629150390625 0.400390625 0.01611328125 0.080078125
0 0.713623046875 0.37841796875 0.01123046875 0.0576171875
0 0.70458984375 0.39111328125 0.0185546875 0.0908203125
0 0.7236328125 0.39599609375 0.017578125 0.0869140625
0 0.739013671875 0.400390625 0.02880859375 0.142578125
0 0.489013671875 0.419921875 0.02978515625 0.14453125
0 0.86669921875 0.37451171875 0.0126953125 0.0634765625
0 0.927734375 0.36962890625 0.013671875 0.0673828125
0 0.8369140625 0.40869140625 0.046875 0.2275390625
0 0.901123046875 0.3935546875 0.05224609375 0.255859375
0 0.986083984375 0.37744140625 0.02685546875 0.2333984375
