0 0.64892578125 0.31640625 0.00390625 0.01953125
0 0.6533203125 0.31298828125 0.001953125 0.0126953125
0 0.667724609375 0.31396484375 0.00146484375 0.0107421875
0 0.690673828125 0.31884765625 0.00341796875 0.0185546875
0 0.964111328125 0.35400390625 0.01611328125 0.0791015625
0 0.989013671875 0.35498046875 0.01513671875 0.0771484375
0 0.47265625 0.37548828125 0.0166015625 0.0830078125
0 0.4638671875 0.375 0.01953125 0.095703125
0 0.47802734375 0.376953125 0.01953125 0.09765625
0 0.421630859375 0.37255859375 0.01806640625 0.0888671875
0 0.441162109375 0.37841796875 0.02294921875 0.1142578125
0 0.41455078125 0.37158203125 0.0205078125 0.1005859375
0 0.408935546875 0.37646484375 0.02001953125 0.0986328125
0 0.401123046875 0.37890625 0.02490234375 0.125
0 0.3515625 0.384765625 0.025390625 0.126953125
0 0.36474609375 0.376953125 0.0302734375 0.150390625
0 0.308837890625 0.3828125 0.02685546875 0.130859375
0 0.31591796875 0.37353515625 0.0283203125 0.1396484375
0 0.324951171875 0.39111328125 0.02978515625 0.1455078125
0 0.339599609375 0.39111328125 0.02978515625 0.1474609375
0 0.279296875 0.38916015625 0.029296875 0.1435546875
0 0.27880859375 0.3896484375 0.03515625 0.173828125
0 0.2216796875 0.38623046875 0.029296875 0.1435546875
0 0.208740234375 0.369140625 0.02783203125 0.138671875
0 0.19970703125 0.40087890625 0.0263671875 0.1298828125
0 0.223388671875 0.400390625 0.02490234375 0.123046875
0 0.23193359375 0.39794921875 0.03125 0.1552734375
0 0.172119140625 0.37451171875 0.02783203125 0.1357421875
0 0.1669921875 0.39697265625 0.033203125 0.1611328125
0 0.188232421875 0.39501953125 0.03369140625 0.1650390625
0 0.137451171875 0.4013671875 0.02880859375 0.140625
0 0.12255859375 0.3994140625 0.029296875 0.142578125
0 0.081298828125 0.3994140625 0.02978515625 0.146484375
0 0.09521484375 0.40234375 0.0322265625 0.158203125
0 0.021484375 0.39697265625 0.033203125 0.1630859375
0 0.0107421875 0.3984375 0.021484375 0.17578125
0 0.01318359375 0.42431640625 0.0263671875 0.1943359375
0 0.04248046875 0.41259765625 0.0390625 0.1904296875
