0 0.24853515625 0.40380859375 0.0078125 0.0380859375
0 0.408447265625 0.39697265625 0.00732421875 0.0380859375
0 0.482666015625 0.40576171875 0.01611328125 0.0810546875
0 0.491943359375 0.412109375 0.01708984375 0.0859375
0 0.513916015625 0.421875 0.04052734375 0.197265625
0 0.58447265625 0.41748046875 0.02734375 0.1357421875
0 0.65771484375 0.43017578125 0.0361328125 0.1767578125
0 0.625244140625 0.42578125 0.03955078125 0.1953125
0 0.66455078125 0.43359375 0.0546875 0.267578125
0 0.366455078125 0.39599609375 0.00732421875 0.0380859375
0 0.369873046875 0.39599609375 0.00732421875 0.0380859375
0 0.389892578125 0.3974609375 0.00732421875 0.037109375
0 0.388916015625 0.39697265625 0.00830078125 0.0419921875
