0 0.560546875 0.37158203125 0.005859375 0.0283203125
0 0.60498046875 0.37158203125 0.00390625 0.0205078125
0 0.646240234375 0.36572265625 0.00634765625 0.0322265625
0 0.656494140625 0.40625 0.02294921875 0.11328125
0 0.689697265625 0.37744140625 0.01318359375 0.0654296875
0 0.7041015625 0.37841796875 0.0126953125 0.0634765625
0 0.58935546875 0.4091796875 0.0205078125 0.103515625
0 0.957763671875 0.498046875 0.08349609375 0.59765625
0 0.576416015625 0.37255859375 0.00634765625 0.0302734375
0 0.57421875 0.373046875 0.0048828125 0.025390625
0 0.570068359375 0.375 0.00537109375 0.02734375
0 0.635009765625 0.37109375 0.00537109375 0.02734375
0 0.63720703125 0.37109375 0.0048828125 0.025390625
