0 0.49560546875 0.38134765625 0.0029296875 0.0146484375
0 0.3486328125 0.4208984375 0.0107421875 0.052734375
0 0.10595703125 0.44287109375 0.01953125 0.0966796875
0 0.6171875 0.39599609375 0.009765625 0.0517578125
0 0.602294921875 0.39892578125 0.00927734375 0.0478515625
0 0.6455078125 0.3974609375 0.01171875 0.05859375
0 0.659912109375 0.38818359375 0.01318359375 0.0654296875
0 0.654541015625 0.40625 0.02099609375 0.103515625
0 0.706787109375 0.396484375 0.02197265625 0.111328125
0 0.6904296875 0.39990234375 0.021484375 0.1044921875
