0 0.47705078125 0.35888671875 0.0048828125 0.0244140625
0 0.497314453125 0.35986328125 0.00537109375 0.0283203125
0 0.51123046875 0.35888671875 0.0048828125 0.0224609375
0 0.40380859375 0.37646484375 0.009765625 0.0478515625
0 0.400146484375 0.365234375 0.00634765625 0.03125
0 0.388916015625 0.369140625 0.01025390625 0.05078125
0 0.380126953125 0.38818359375 0.01220703125 0.0595703125
0 0.3994140625 0.39990234375 0.0146484375 0.0712890625
0 0.390625 0.4052734375 0.0185546875 0.091796875
0 0.41845703125 0.40087890625 0.013671875 0.0673828125
0 0.54248046875 0.36083984375 0.005859375 0.0283203125
0 0.548095703125 0.35546875 0.00537109375 0.02734375
0 0.560302734375 0.37109375 0.00537109375 0.02734375
0 0.567626953125 0.3544921875 0.00341796875 0.01953125
0 0.570556640625 0.37451171875 0.00732421875 0.0361328125
0 0.5810546875 0.373046875 0.0087890625 0.046875
0 0.59130859375 0.3779296875 0.0107421875 0.052734375
0 0.597412109375 0.3779296875 0.01025390625 0.05078125
0 0.606689453125 0.38427734375 0.01025390625 0.0498046875
0 0.564453125 0.35546875 0.0048828125 0.02734375
0 0.62255859375 0.38623046875 0.01171875 0.0576171875
0 0.625 0.3916015625 0.01171875 0.05859375
0 0.712890625 0.400390625 0.0185546875 0.091796875
0 0.7236328125 0.3935546875 0.013671875 0.068359375
0 0.740478515625 0.396484375 0.01611328125 0.080078125
0 0.835205078125 0.42236328125 0.03271484375 0.1611328125
0 0.846923828125 0.4208984375 0.03271484375 0.162109375
0 0.8701171875 0.4130859375 0.025390625 0.125
0 0.898193359375 0.40869140625 0.02197265625 0.1083984375
0 0.923583984375 0.41748046875 0.02783203125 0.1357421875
0 0.97265625 0.39404296875 0.02734375 0.1357421875
0 0.989501953125 0.3955078125 0.02001953125 0.119140625
0 0.9853515625 0.462890625 0.0283203125 0.220703125
0 0.493896484375 0.35693359375 0.00537109375 0.0263671875
0 0.5009765625 0.35986328125 0.0048828125 0.0244140625
0 0.467529296875 0.3564453125 0.00537109375 0.029296875
0 0.4716796875 0.35400390625 0.0048828125 0.0244140625
0 0.483154296875 0.35986328125 0.00537109375 0.0263671875
0 0.47998046875 0.357421875 0.0048828125 0.0234375
