0 0.40625 0.40087890625 0.009765625 0.0478515625
0 0.397216796875 0.40283203125 0.00927734375 0.0478515625
0 0.420166015625 0.4140625 0.01123046875 0.056640625
0 0.33935546875 0.40380859375 0.0126953125 0.0634765625
0 0.329833984375 0.4091796875 0.01416015625 0.0703125
0 0.2763671875 0.41015625 0.013671875 0.068359375
0 0.263916015625 0.4150390625 0.01611328125 0.080078125
0 0.248291015625 0.40771484375 0.01708984375 0.0869140625
0 0.7587890625 0.4111328125 0.021484375 0.10546875
0 0.8701171875 0.392578125 0.021484375 0.107421875
