0 0.529541015625 0.3994140625 0.01025390625 0.048828125
0 0.54443359375 0.39111328125 0.005859375 0.0302734375
0 0.549072265625 0.400390625 0.00634765625 0.03125
0 0.699951171875 0.41015625 0.02783203125 0.13671875
0 0.71533203125 0.4072265625 0.029296875 0.14453125
0 0.48681640625 0.39501953125 0.005859375 0.0302734375
0 0.483154296875 0.39501953125 0.00634765625 0.0341796875
0 0.461181640625 0.39892578125 0.00537109375 0.0263671875
0 0.45263671875 0.3935546875 0.0048828125 0.025390625
0 0.444580078125 0.3955078125 0.00537109375 0.02734375
0 0.39892578125 0.39599609375 0.0078125 0.0400390625
0 0.392822265625 0.3955078125 0.00927734375 0.044921875
0 0.376220703125 0.3984375 0.01123046875 0.0546875
0 0.36181640625 0.4033203125 0.0107421875 0.0546875
0 0.116943359375 0.4013671875 0.02490234375 0.12109375
0 0.083251953125 0.404296875 0.02490234375 0.123046875
