0 0.134521484375 0.3701171875 0.01611328125 0.08203125
0 0.139404296875 0.3740234375 0.01708984375 0.0859375
0 0.126220703125 0.37939453125 0.02197265625 0.1083984375
0 0.09765625 0.39208984375 0.02734375 0.1337890625
0 0.07470703125 0.37451171875 0.0263671875 0.1318359375
0 0.25390625 0.388671875 0.005859375 0.029296875
0 0.213623046875 0.3759765625 0.01806640625 0.08984375
0 0.237060546875 0.3828125 0.02099609375 0.103515625
0 0.2578125 0.38818359375 0.0048828125 0.0263671875
0 0.23193359375 0.38232421875 0.0205078125 0.1025390625
0 0.245849609375 0.38427734375 0.02490234375 0.1220703125
0 0.225341796875 0.37939453125 0.02685546875 0.1318359375
0 0.260986328125 0.38818359375 0.00537109375 0.0283203125
0 0.38427734375 0.39208984375 0.0078125 0.0400390625
0 0.334716796875 0.39013671875 0.00732421875 0.0361328125
0 0.34130859375 0.38916015625 0.0078125 0.0380859375
0 0.35400390625 0.38671875 0.0078125 0.0390625
0 0.3525390625 0.38720703125 0.005859375 0.0302734375
0 0.3564453125 0.388671875 0.0068359375 0.03515625
0 0.346923828125 0.38427734375 0.00732421875 0.0380859375
0 0.369873046875 0.3916015625 0.00732421875 0.037109375
0 0.400146484375 0.390625 0.00927734375 0.046875
0 0.566162109375 0.3935546875 0.01416015625 0.0703125
0 0.562255859375 0.3955078125 0.01220703125 0.060546875
0 0.553466796875 0.3974609375 0.01611328125 0.08203125
0 0.584716796875 0.39404296875 0.01416015625 0.0693359375
0 0.572265625 0.39697265625 0.0185546875 0.0927734375
0 0.60693359375 0.3984375 0.015625 0.076171875
0 0.598876953125 0.3984375 0.02001953125 0.099609375
0 0.625732421875 0.3974609375 0.01513671875 0.076171875
0 0.6416015625 0.3955078125 0.025390625 0.126953125
0 0.6650390625 0.39404296875 0.0166015625 0.0849609375
0 0.65576171875 0.3955078125 0.0244140625 0.119140625
0 0.6865234375 0.3984375 0.01953125 0.09765625
0 0.746337890625 0.39892578125 0.02099609375 0.1044921875
0 0.935546875 0.4091796875 0.01953125 0.099609375
0 0.951416015625 0.40283203125 0.02587890625 0.1279296875
0 0.824951171875 0.40185546875 0.02294921875 0.1123046875
0 0.914794921875 0.40625 0.02490234375 0.123046875
0 0.756103515625 0.41015625 0.03173828125 0.15625
