0 0.025634765625 0.4248046875 0.01611328125 0.080078125
0 0.073486328125 0.41259765625 0.02294921875 0.1142578125
0 0.490478515625 0.39453125 0.01318359375 0.064453125
0 0.528564453125 0.3857421875 0.01025390625 0.05078125
0 0.563232421875 0.39501953125 0.02001953125 0.0966796875
0 0.606689453125 0.3955078125 0.02099609375 0.103515625
0 0.78076171875 0.38916015625 0.037109375 0.1826171875
0 0.744384765625 0.41357421875 0.04443359375 0.2177734375
0 0.76123046875 0.39404296875 0.0576171875 0.2822265625
0 0.8876953125 0.384765625 0.046875 0.228515625
0 0.883544921875 0.40625 0.04736328125 0.234375
