0 0.870361328125 0.37744140625 0.00732421875 0.0380859375
0 0.843017578125 0.37841796875 0.00830078125 0.0439453125
0 0.83349609375 0.3779296875 0.0078125 0.0390625
0 0.82666015625 0.3798828125 0.0068359375 0.033203125
0 0.839111328125 0.380859375 0.00634765625 0.03125
0 0.862060546875 0.37939453125 0.00537109375 0.0283203125
0 0.81201171875 0.37939453125 0.0068359375 0.0341796875
0 0.8017578125 0.39404296875 0.0087890625 0.0458984375
0 0.76806640625 0.38232421875 0.0087890625 0.0458984375
0 0.4912109375 0.3984375 0.005859375 0.03125
0 0.50146484375 0.40087890625 0.0068359375 0.0341796875
0 0.478515625 0.40283203125 0.005859375 0.0283203125
0 0.456298828125 0.4013671875 0.00537109375 0.02734375
0 0.45166015625 0.40234375 0.0068359375 0.03515625
0 0.45849609375 0.40380859375 0.0068359375 0.0341796875
0 0.46630859375 0.404296875 0.0068359375 0.03515625
0 0.47119140625 0.3974609375 0.0087890625 0.044921875
0 0.4326171875 0.40869140625 0.009765625 0.0498046875
0 0.442626953125 0.40869140625 0.00927734375 0.0478515625
0 0.3974609375 0.41015625 0.01171875 0.05859375
0 0.3876953125 0.412109375 0.0107421875 0.052734375
0 0.367431640625 0.4140625 0.01416015625 0.0703125
0 0.30126953125 0.41796875 0.013671875 0.06640625
0 0.528564453125 0.404296875 0.00927734375 0.046875
0 0.542724609375 0.4091796875 0.01904296875 0.095703125
0 0.55712890625 0.4111328125 0.017578125 0.087890625
0 0.57470703125 0.4111328125 0.0185546875 0.09375
