0 0.184326171875 0.41845703125 0.01025390625 0.0498046875
0 0.173828125 0.41748046875 0.01171875 0.0595703125
0 0.197509765625 0.41259765625 0.01220703125 0.0595703125
0 0.114501953125 0.41650390625 0.01806640625 0.0908203125
0 0.10986328125 0.42431640625 0.0166015625 0.0830078125
0 0.15576171875 0.419921875 0.01171875 0.05859375
0 0.323974609375 0.40234375 0.01025390625 0.052734375
0 0.328125 0.40185546875 0.009765625 0.0498046875
0 0.31396484375 0.40771484375 0.01171875 0.0595703125
0 0.294677734375 0.408203125 0.01318359375 0.06640625
0 0.3837890625 0.40869140625 0.0166015625 0.0810546875
0 0.3876953125 0.40576171875 0.0185546875 0.0927734375
0 0.4111328125 0.4091796875 0.015625 0.078125
0 0.402099609375 0.408203125 0.01708984375 0.083984375
0 0.43115234375 0.39697265625 0.0078125 0.0400390625
0 0.442138671875 0.39697265625 0.00634765625 0.0322265625
0 0.5205078125 0.39794921875 0.0078125 0.0380859375
0 0.565673828125 0.4033203125 0.01123046875 0.056640625
0 0.555419921875 0.40234375 0.01220703125 0.060546875
0 0.54638671875 0.4013671875 0.013671875 0.06640625
0 0.534423828125 0.41650390625 0.01708984375 0.0830078125
0 0.581787109375 0.40771484375 0.01123046875 0.0576171875
0 0.988037109375 0.404296875 0.02294921875 0.12109375
0 0.707275390625 0.3994140625 0.01708984375 0.083984375
0 0.721923828125 0.3994140625 0.01611328125 0.080078125
0 0.74169921875 0.4013671875 0.01953125 0.09765625
