0 0.537353515625 0.43798828125 0.03662109375 0.1787109375
0 0.565673828125 0.365234375 0.00537109375 0.02734375
0 0.55712890625 0.43212890625 0.03515625 0.1728515625
0 0.574462890625 0.43701171875 0.03564453125 0.1748046875
0 0.643310546875 0.43017578125 0.03173828125 0.1572265625
0 0.644775390625 0.4443359375 0.03173828125 0.15625
0 0.59228515625 0.4443359375 0.0341796875 0.16796875
0 0.599609375 0.44140625 0.041015625 0.203125
0 0.623779296875 0.44873046875 0.03857421875 0.1904296875
0 0.689208984375 0.44775390625 0.03466796875 0.1708984375
0 0.495361328125 0.4365234375 0.03173828125 0.154296875
0 0.51513671875 0.427734375 0.033203125 0.1640625
0 0.497314453125 0.44384765625 0.03271484375 0.1630859375
0 0.44287109375 0.44482421875 0.033203125 0.1630859375
0 0.46923828125 0.45703125 0.0419921875 0.205078125
0 0.386474609375 0.431640625 0.02685546875 0.130859375
0 0.35498046875 0.43603515625 0.03515625 0.1728515625
0 0.23681640625 0.42822265625 0.044921875 0.2197265625
0 0.312744140625 0.4306640625 0.03955078125 0.193359375
0 0.318115234375 0.43212890625 0.03955078125 0.1943359375
0 0.3388671875 0.44921875 0.0380859375 0.1875
0 0.3720703125 0.443359375 0.0390625 0.19140625
0 0.35595703125 0.46728515625 0.0283203125 0.1396484375
0 0.400146484375 0.45361328125 0.03955078125 0.1943359375
0 0.269287109375 0.4404296875 0.04052734375 0.19921875
0 0.289306640625 0.43994140625 0.03759765625 0.1845703125
0 0.212158203125 0.43212890625 0.04052734375 0.2001953125
0 0.2236328125 0.4375 0.041015625 0.201171875
0 0.253173828125 0.4345703125 0.04248046875 0.208984375
0 0.284912109375 0.4609375 0.04248046875 0.208984375
0 0.191162109375 0.4384765625 0.03369140625 0.166015625
0 0.14208984375 0.439453125 0.0419921875 0.20703125
0 0.115966796875 0.447265625 0.03759765625 0.185546875
0 0.17041015625 0.44384765625 0.0380859375 0.1865234375
0 0.136474609375 0.44921875 0.04052734375 0.19921875
0 0.1552734375 0.455078125 0.044921875 0.22265625
0 0.03125 0.431640625 0.0341796875 0.16796875
0 0.01318359375 0.431640625 0.0263671875 0.2265625
0 0.030029296875 0.44189453125 0.04150390625 0.2041015625
0 0.019287109375 0.43798828125 0.03857421875 0.2177734375
0 0.06591796875 0.44775390625 0.0439453125 0.2138671875
0 0.101318359375 0.4384765625 0.04443359375 0.216796875
0 0.1376953125 0.47900390625 0.0400390625 0.1962890625
