0 0.424560546875 0.41015625 0.00537109375 0.029296875
0 0.233642578125 0.41943359375 0.01025390625 0.0517578125
0 0.22412109375 0.42578125 0.01171875 0.05859375
0 0.093994140625 0.50341796875 0.09521484375 0.4638671875
0 0.345947265625 0.48974609375 0.07177734375 0.3505859375
0 0.37353515625 0.49365234375 0.0751953125 0.3662109375
0 0.438232421875 0.40869140625 0.00537109375 0.0263671875
0 0.4326171875 0.40869140625 0.005859375 0.0302734375
0 0.481689453125 0.40966796875 0.00634765625 0.0322265625
0 0.489501953125 0.41162109375 0.00634765625 0.0322265625
0 0.499755859375 0.40966796875 0.00732421875 0.0361328125
0 0.512451171875 0.4111328125 0.00830078125 0.04296875
0 0.60986328125 0.41796875 0.0166015625 0.083984375
0 0.6435546875 0.3994140625 0.0166015625 0.08203125
0 0.652587890625 0.4052734375 0.01611328125 0.080078125
0 0.732421875 0.39599609375 0.017578125 0.0869140625
0 0.74609375 0.40087890625 0.0166015625 0.0810546875
0 0.722900390625 0.44873046875 0.04833984375 0.2373046875
0 0.630126953125 0.45654296875 0.06103515625 0.2998046875
0 0.8154296875 0.4052734375 0.0224609375 0.109375
0 0.81396484375 0.435546875 0.0537109375 0.263671875
0 0.86083984375 0.45947265625 0.0556640625 0.2724609375
