0 0.678466796875 0.38916015625 0.00537109375 0.0263671875
0 0.68408203125 0.38671875 0.0048828125 0.025390625
0 0.6953125 0.4072265625 0.013671875 0.06640625
0 0.638427734375 0.3857421875 0.00634765625 0.033203125
0 0.64453125 0.41015625 0.0146484375 0.0703125
0 0.66015625 0.41015625 0.0126953125 0.0625
0 0.554931640625 0.39501953125 0.00732421875 0.0361328125
0 0.552490234375 0.39453125 0.00732421875 0.037109375
0 0.8291015625 0.3798828125 0.0048828125 0.025390625
0 0.82421875 0.380859375 0.005859375 0.03125
0 0.8115234375 0.37646484375 0.0068359375 0.0341796875
0 0.813720703125 0.375 0.00634765625 0.03125
0 0.80419921875 0.37890625 0.0068359375 0.033203125
0 0.818603515625 0.37890625 0.00830078125 0.041015625
0 0.808349609375 0.400390625 0.01123046875 0.05859375
0 0.718994140625 0.44921875 0.08154296875 0.400390625
0 0.743896484375 0.47412109375 0.08447265625 0.4130859375
0 0.50634765625 0.400390625 0.005859375 0.029296875
0 0.493408203125 0.39990234375 0.00634765625 0.0322265625
0 0.43359375 0.40380859375 0.005859375 0.0302734375
0 0.438232421875 0.4013671875 0.00537109375 0.029296875
0 0.44287109375 0.40380859375 0.0048828125 0.0263671875
0 0.448974609375 0.4140625 0.01123046875 0.056640625
0 0.368408203125 0.4111328125 0.01611328125 0.078125
0 0.3583984375 0.4228515625 0.0107421875 0.0546875
0 0.340576171875 0.421875 0.01318359375 0.064453125
0 0.322021484375 0.4140625 0.02294921875 0.115234375
0 0.298095703125 0.4130859375 0.02392578125 0.119140625
0 0.259765625 0.41845703125 0.009765625 0.0478515625
0 0.144287109375 0.4169921875 0.01220703125 0.0625
0 0.47265625 0.4462890625 0.0732421875 0.357421875
