0 0.95361328125 0.419921875 0.0302734375 0.150390625
0 0.670166015625 0.4541015625 0.00927734375 0.046875
0 0.68115234375 0.46826171875 0.0126953125 0.0634765625
0 0.689697265625 0.46923828125 0.01318359375 0.0634765625
0 0.696044921875 0.466796875 0.01220703125 0.0625
0 0.642578125 0.47509765625 0.01953125 0.0966796875
0 0.66064453125 0.47314453125 0.021484375 0.1064453125
0 0.84130859375 0.45263671875 0.025390625 0.1259765625
0 0.9716796875 0.43505859375 0.03125 0.1533203125
0 0.9072265625 0.43994140625 0.025390625 0.1240234375
0 0.92138671875 0.4462890625 0.02734375 0.134765625
0 0.90185546875 0.451171875 0.0224609375 0.111328125
0 0.70751953125 0.46630859375 0.015625 0.0771484375
0 0.711669921875 0.466796875 0.01611328125 0.078125
0 0.59326171875 0.4921875 0.0537109375 0.263671875
0 0.55859375 0.4912109375 0.0537109375 0.265625
0 0.381103515625 0.48779296875 0.02490234375 0.1220703125
0 0.363037109375 0.48486328125 0.02099609375 0.1025390625
0 0.3564453125 0.48681640625 0.017578125 0.0869140625
0 0.35205078125 0.4931640625 0.0205078125 0.099609375
0 0.3662109375 0.49951171875 0.021484375 0.1044921875
0 0.322998046875 0.4736328125 0.02099609375 0.10546875
0 0.320556640625 0.49169921875 0.02490234375 0.1220703125
0 0.313232421875 0.48974609375 0.02685546875 0.1318359375
0 0.289306640625 0.48974609375 0.02978515625 0.1455078125
0 0.303466796875 0.48974609375 0.02978515625 0.1455078125
0 0.260498046875 0.48681640625 0.02783203125 0.1376953125
0 0.27880859375 0.49169921875 0.029296875 0.1455078125
0 0.175048828125 0.46435546875 0.02099609375 0.1044921875
0 0.755126953125 0.470703125 0.05810546875 0.28515625
0 0.768310546875 0.46484375 0.06494140625 0.318359375
