0 0.5869140625 0.43310546875 0.0068359375 0.0341796875
0 0.580078125 0.4384765625 0.005859375 0.029296875
0 0.575439453125 0.4365234375 0.00537109375 0.02734375
0 0.59521484375 0.43212890625 0.0068359375 0.0361328125
0 0.602294921875 0.43359375 0.00732421875 0.03515625
0 0.656494140625 0.4365234375 0.01123046875 0.05859375
0 0.2578125 0.43505859375 0.015625 0.0751953125
0 0.236572265625 0.4326171875 0.01416015625 0.0703125
0 0.2353515625 0.43896484375 0.017578125 0.0869140625
0 0.22509765625 0.439453125 0.015625 0.076171875
0 0.209716796875 0.43798828125 0.01708984375 0.0830078125
0 0.613037109375 0.43798828125 0.02880859375 0.1416015625
0 0.639404296875 0.43701171875 0.01123046875 0.0556640625
0 0.646240234375 0.44091796875 0.02685546875 0.1318359375
0 0.67822265625 0.439453125 0.0419921875 0.20703125
0 0.722900390625 0.427734375 0.05029296875 0.24609375
0 0.7822265625 0.43408203125 0.044921875 0.2216796875
