0 0.389404296875 0.4306640625 0.02587890625 0.12890625
0 0.3759765625 0.416015625 0.0107421875 0.0546875
0 0.385498046875 0.43310546875 0.02587890625 0.1279296875
0 0.4111328125 0.43505859375 0.0283203125 0.1396484375
0 0.34423828125 0.44287109375 0.025390625 0.1259765625
0 0.308837890625 0.4462890625 0.02099609375 0.10546875
0 0.323974609375 0.44091796875 0.02587890625 0.1259765625
0 0.277099609375 0.44873046875 0.02099609375 0.1044921875
0 0.2939453125 0.4423828125 0.0244140625 0.119140625
0 0.303466796875 0.439453125 0.02490234375 0.123046875
0 0.283203125 0.4443359375 0.029296875 0.14453125
0 0.364013671875 0.43505859375 0.02978515625 0.1455078125
0 0.256591796875 0.427734375 0.01318359375 0.06640625
0 0.19140625 0.4150390625 0.017578125 0.087890625
0 0.250244140625 0.4482421875 0.02197265625 0.107421875
0 0.231201171875 0.44091796875 0.02099609375 0.1044921875
0 0.224609375 0.439453125 0.0244140625 0.12109375
0 0.1943359375 0.42822265625 0.01953125 0.0966796875
0 0.180908203125 0.4306640625 0.02099609375 0.103515625
0 0.163330078125 0.44287109375 0.02294921875 0.1142578125
0 0.142578125 0.4111328125 0.0126953125 0.0625
0 0.214599609375 0.41748046875 0.01513671875 0.0751953125
0 0.20703125 0.43310546875 0.0302734375 0.1494140625
0 0.854248046875 0.39599609375 0.04248046875 0.2099609375
0 0.32421875 0.447265625 0.0244140625 0.12109375
