0 0.150634765625 0.4287109375 0.03662109375 0.1796875
0 0.177734375 0.40966796875 0.0400390625 0.1962890625
0 0.16259765625 0.419921875 0.0419921875 0.205078125
0 0.28466796875 0.421875 0.03515625 0.173828125
0 0.299560546875 0.4150390625 0.04345703125 0.21484375
0 0.31103515625 0.4580078125 0.0751953125 0.3671875
0 0.486083984375 0.39794921875 0.02294921875 0.1123046875
0 0.44384765625 0.43310546875 0.0703125 0.3447265625
0 0.459228515625 0.43115234375 0.07763671875 0.3818359375
0 0.520263671875 0.423828125 0.06201171875 0.3046875
0 0.5625 0.39697265625 0.01953125 0.0966796875
0 0.530517578125 0.41064453125 0.06982421875 0.3447265625
0 0.580322265625 0.43017578125 0.05224609375 0.2548828125
0 0.674072265625 0.37939453125 0.01123046875 0.0576171875
0 0.813232421875 0.3916015625 0.02197265625 0.109375
0 0.826416015625 0.39501953125 0.02685546875 0.1318359375
0 0.80224609375 0.3955078125 0.0234375 0.1171875
0 0.791748046875 0.39990234375 0.02587890625 0.1259765625
0 0.774169921875 0.404296875 0.02783203125 0.13671875
0 0.878662109375 0.41064453125 0.05126953125 0.2529296875
0 0.90771484375 0.41162109375 0.0517578125 0.2529296875
