0 0.553466796875 0.392578125 0.00244140625 0.013671875
0 0.46240234375 0.38720703125 0.001953125 0.0107421875
0 0.479736328125 0.3896484375 0.00146484375 0.0078125
0 0.549560546875 0.39208984375 0.00244140625 0.0126953125
0 0.483154296875 0.38916015625 0.00244140625 0.0126953125
0 0.558837890625 0.3896484375 0.00537109375 0.029296875
0 0.572265625 0.390625 0.005859375 0.029296875
0 0.576904296875 0.38916015625 0.00634765625 0.0341796875
0 0.63916015625 0.3974609375 0.0146484375 0.072265625
0 0.650146484375 0.40185546875 0.01611328125 0.0791015625
0 0.666015625 0.39794921875 0.017578125 0.0869140625
0 0.68994140625 0.39599609375 0.021484375 0.1083984375
0 0.77392578125 0.41552734375 0.0322265625 0.1591796875
0 0.71484375 0.40283203125 0.021484375 0.1064453125
0 0.875 0.3916015625 0.05078125 0.25
0 0.906005859375 0.3994140625 0.05712890625 0.279296875
0 0.500732421875 0.39111328125 0.00244140625 0.0146484375
