0 0.46923828125 0.3349609375 0.00390625 0.021484375
0 0.474365234375 0.33203125 0.00341796875 0.017578125
0 0.478271484375 0.33544921875 0.00341796875 0.0185546875
0 0.427001953125 0.35693359375 0.00537109375 0.0283203125
0 0.435302734375 0.353515625 0.00634765625 0.033203125
0 0.422119140625 0.36865234375 0.01220703125 0.0615234375
0 0.40771484375 0.37158203125 0.0107421875 0.0537109375
0 0.51123046875 0.333984375 0.0048828125 0.025390625
0 0.516845703125 0.33154296875 0.00634765625 0.0322265625
0 0.52392578125 0.3359375 0.005859375 0.029296875
0 0.529052734375 0.34228515625 0.00537109375 0.0263671875
0 0.698486328125 0.3466796875 0.01513671875 0.076171875
0 0.720947265625 0.34814453125 0.01416015625 0.0693359375
0 0.780029296875 0.349609375 0.01513671875 0.07421875
0 0.982421875 0.3447265625 0.0341796875 0.20703125
0 0.3857421875 0.4052734375 0.0478515625 0.232421875
0 0.483154296875 0.33544921875 0.00341796875 0.0185546875
0 0.523681640625 0.36083984375 0.00634765625 0.0322265625
