0 0.559814453125 0.3876953125 0.00439453125 0.021484375
0 0.5146484375 0.39453125 0.0029296875 0.017578125
0 0.287841796875 0.4091796875 0.01123046875 0.0546875
0 0.267578125 0.40625 0.01171875 0.05859375
0 0.2783203125 0.40673828125 0.01171875 0.0576171875
0 0.139404296875 0.4189453125 0.01513671875 0.076171875
0 0.06396484375 0.4482421875 0.0693359375 0.33984375
0 0.03564453125 0.458984375 0.0712890625 0.35546875
0 0.344970703125 0.47705078125 0.10693359375 0.5224609375
0 0.414794921875 0.44970703125 0.11279296875 0.5517578125
0 0.62109375 0.39599609375 0.0146484375 0.0732421875
0 0.93994140625 0.435546875 0.046875 0.232421875
0 0.94091796875 0.4287109375 0.0546875 0.26953125
0 0.633544921875 0.45654296875 0.06494140625 0.3173828125
0 0.656494140625 0.4560546875 0.06884765625 0.3359375
0 0.530029296875 0.40185546875 0.00537109375 0.0263671875
0 0.533935546875 0.4013671875 0.00439453125 0.025390625
0 0.525634765625 0.400390625 0.00537109375 0.02734375
0 0.51806640625 0.390625 0.00390625 0.01953125
0 0.514404296875 0.3916015625 0.00244140625 0.013671875
