0 0.796142578125 0.427734375 0.02783203125 0.138671875
0 0.775390625 0.416015625 0.0341796875 0.16796875
0 0.80126953125 0.4306640625 0.033203125 0.1640625
0 0.84619140625 0.44140625 0.0546875 0.267578125
0 0.917724609375 0.43994140625 0.05224609375 0.2568359375
0 0.958984375 0.482421875 0.0341796875 0.169921875
0 0.278564453125 0.4296875 0.01123046875 0.0546875
0 0.231689453125 0.427734375 0.01416015625 0.0703125
0 0.092041015625 0.4462890625 0.02490234375 0.123046875
0 0.51806640625 0.423828125 0.01171875 0.05859375
0 0.504638671875 0.42529296875 0.01123046875 0.0556640625
