0 0.119384765625 0.38818359375 0.01708984375 0.0849609375
0 0.19482421875 0.3876953125 0.013671875 0.068359375
0 0.22900390625 0.25146484375 0.0068359375 0.0341796875
0 0.309814453125 0.3857421875 0.01220703125 0.060546875
0 0.32177734375 0.3896484375 0.0107421875 0.0546875
0 0.372802734375 0.38623046875 0.01025390625 0.0517578125
0 0.36328125 0.38623046875 0.0087890625 0.0439453125
0 0.445068359375 0.38818359375 0.00732421875 0.0380859375
0 0.45068359375 0.388671875 0.0087890625 0.044921875
0 0.455078125 0.39306640625 0.0087890625 0.0439453125
0 0.49560546875 0.39599609375 0.0107421875 0.0537109375
0 0.5068359375 0.4033203125 0.013671875 0.068359375
0 0.541259765625 0.4052734375 0.01220703125 0.060546875
0 0.5263671875 0.400390625 0.015625 0.076171875
