0 0.918701171875 0.38916015625 0.00830078125 0.0419921875
0 0.736572265625 0.38427734375 0.01513671875 0.0751953125
0 0.68359375 0.38818359375 0.0146484375 0.0732421875
0 0.701171875 0.3818359375 0.0126953125 0.064453125
0 0.716064453125 0.37744140625 0.01220703125 0.0595703125
0 0.711181640625 0.3876953125 0.01513671875 0.076171875
0 0.662353515625 0.37744140625 0.00830078125 0.0419921875
0 0.62255859375 0.41455078125 0.0400390625 0.1962890625
0 0.58984375 0.41796875 0.0390625 0.193359375
0 0.510986328125 0.3994140625 0.04052734375 0.197265625
0 0.4580078125 0.396484375 0.0439453125 0.212890625
0 0.487060546875 0.408203125 0.04345703125 0.21484375
0 0.535888671875 0.40771484375 0.04052734375 0.1982421875
0 0.55712890625 0.42724609375 0.037109375 0.1826171875
0 0.2861328125 0.43701171875 0.076171875 0.3720703125
0 0.220947265625 0.4365234375 0.06787109375 0.33203125
0 0.158203125 0.43310546875 0.06640625 0.3251953125
0 0.334228515625 0.44677734375 0.08740234375 0.4287109375
0 0.69873046875 0.384765625 0.013671875 0.068359375
