0 0.886962890625 0.39599609375 0.01708984375 0.0869140625
0 0.075927734375 0.43359375 0.00927734375 0.044921875
0 0.10205078125 0.40966796875 0.0205078125 0.1005859375
0 0.093017578125 0.419921875 0.01513671875 0.076171875
0 0.109375 0.41455078125 0.017578125 0.0888671875
0 0.059814453125 0.41943359375 0.01904296875 0.0947265625
0 0.057861328125 0.423828125 0.01611328125 0.08203125
0 0.982666015625 0.3916015625 0.03369140625 0.234375
0 0.90185546875 0.4609375 0.09375 0.4609375
0 0.94287109375 0.49609375 0.107421875 0.525390625
0 0.93994140625 0.4794921875 0.119140625 0.603515625
0 0.77099609375 0.47900390625 0.1416015625 0.6923828125
0 0.562744140625 0.42138671875 0.08154296875 0.3974609375
0 0.578369140625 0.45703125 0.07275390625 0.35546875
0 0.509521484375 0.455078125 0.11572265625 0.564453125
