0 0.466552734375 0.3876953125 0.01123046875 0.0546875
0 0.46044921875 0.390625 0.009765625 0.048828125
0 0.80810546875 0.396484375 0.033203125 0.1640625
0 0.857666015625 0.40380859375 0.04345703125 0.2119140625
0 0.975830078125 0.40185546875 0.04736328125 0.2548828125
0 0.282958984375 0.39599609375 0.05029296875 0.2451171875
0 0.264404296875 0.408203125 0.05224609375 0.255859375
0 0.25 0.4111328125 0.0517578125 0.25390625
0 0.2841796875 0.42041015625 0.048828125 0.2392578125
0 0.380615234375 0.42236328125 0.04150390625 0.2021484375
0 0.348388671875 0.42236328125 0.04345703125 0.2138671875
0 0.330322265625 0.42919921875 0.04248046875 0.2080078125
0 0.3232421875 0.41015625 0.0595703125 0.291015625
