0 0.5205078125 0.404296875 0.0107421875 0.052734375
0 0.584716796875 0.39697265625 0.01025390625 0.0498046875
0 0.592529296875 0.40087890625 0.01025390625 0.0517578125
0 0.60400390625 0.39794921875 0.009765625 0.0498046875
0 0.600341796875 0.3984375 0.01123046875 0.056640625
0 0.630126953125 0.40576171875 0.01708984375 0.0849609375
0 0.4921875 0.39697265625 0.0166015625 0.0830078125
0 0.40234375 0.4072265625 0.0146484375 0.072265625
0 0.33837890625 0.419921875 0.021484375 0.10546875
0 0.277099609375 0.4072265625 0.01416015625 0.0703125
0 0.255859375 0.4072265625 0.013671875 0.068359375
0 0.260986328125 0.40869140625 0.01513671875 0.0751953125
