0 0.66455078125 0.3154296875 0.00390625 0.01953125
0 0.897705078125 0.35546875 0.01513671875 0.07421875
0 0.443603515625 0.36767578125 0.01123046875 0.0556640625
0 0.41064453125 0.365234375 0.0126953125 0.0625
0 0.417724609375 0.36767578125 0.01318359375 0.0654296875
0 0.388427734375 0.3662109375 0.01416015625 0.072265625
0 0.382568359375 0.380859375 0.02392578125 0.119140625
0 0.3671875 0.3779296875 0.0283203125 0.140625
0 0.009521484375 0.36767578125 0.01708984375 0.0849609375
0 0.006591796875 0.36328125 0.01318359375 0.09765625
0 0.14453125 0.3798828125 0.0263671875 0.130859375
0 0.213134765625 0.3779296875 0.02685546875 0.1328125
0 0.176513671875 0.37646484375 0.02783203125 0.1376953125
0 0.18701171875 0.380859375 0.0263671875 0.130859375
0 0.208251953125 0.3720703125 0.03076171875 0.150390625
0 0.238525390625 0.376953125 0.02880859375 0.142578125
0 0.27197265625 0.37451171875 0.02734375 0.1337890625
0 0.291259765625 0.38330078125 0.02490234375 0.1220703125
0 0.2783203125 0.3779296875 0.0283203125 0.138671875
0 0.733642578125 0.36572265625 0.01904296875 0.0947265625
