0 0.369140625 0.412109375 0.025390625 0.126953125
0 0.564697265625 0.4208984375 0.05419921875 0.265625
0 0.599609375 0.42919921875 0.0634765625 0.3115234375
0 0.652587890625 0.43212890625 0.06396484375 0.3134765625
0 0.765380859375 0.40087890625 0.01708984375 0.0849609375
0 0.844970703125 0.4267578125 0.02880859375 0.142578125
0 0.784423828125 0.4189453125 0.02978515625 0.1484375
0 0.793212890625 0.40576171875 0.05224609375 0.2548828125
0 0.944580078125 0.41748046875 0.02880859375 0.1416015625
0 0.917724609375 0.41552734375 0.03369140625 0.1669921875
0 0.900146484375 0.41650390625 0.03369140625 0.1669921875
0 0.989990234375 0.41943359375 0.01904296875 0.1591796875
