0 0.7392578125 0.41162109375 0.0263671875 0.1298828125
0 0.73779296875 0.41748046875 0.0234375 0.1162109375
0 0.758056640625 0.4130859375 0.02294921875 0.11328125
0 0.76123046875 0.41552734375 0.0234375 0.1142578125
0 0.77294921875 0.42529296875 0.02734375 0.1337890625
0 0.91357421875 0.41259765625 0.025390625 0.1240234375
0 0.81201171875 0.41259765625 0.025390625 0.1240234375
0 0.4423828125 0.3896484375 0.0068359375 0.033203125
0 0.68603515625 0.38818359375 0.005859375 0.0283203125
0 0.66357421875 0.40869140625 0.0234375 0.1181640625
0 0.51220703125 0.39013671875 0.0107421875 0.0537109375
0 0.489501953125 0.38818359375 0.01318359375 0.0654296875
0 0.48291015625 0.392578125 0.0107421875 0.0546875
0 0.42333984375 0.39453125 0.017578125 0.0859375
0 0.402587890625 0.39208984375 0.01806640625 0.0888671875
0 0.416748046875 0.3974609375 0.02099609375 0.10546875
0 0.392822265625 0.40185546875 0.02099609375 0.1044921875
0 0.349609375 0.3974609375 0.0234375 0.115234375
0 0.332275390625 0.4013671875 0.02294921875 0.11328125
0 0.27197265625 0.40234375 0.02734375 0.134765625
0 0.2607421875 0.388671875 0.0302734375 0.150390625
0 0.264404296875 0.404296875 0.02783203125 0.13671875
0 0.273193359375 0.3984375 0.02978515625 0.146484375
0 0.072021484375 0.40234375 0.04443359375 0.216796875
0 0.12109375 0.390625 0.0302734375 0.1484375
0 0.090576171875 0.412109375 0.04052734375 0.19921875
0 0.638427734375 0.41015625 0.02490234375 0.123046875
