0 0.578857421875 0.3701171875 0.00927734375 0.048828125
0 0.073486328125 0.36328125 0.00830078125 0.04296875
0 0.478515625 0.37158203125 0.0087890625 0.0439453125
0 0.487548828125 0.369140625 0.00927734375 0.046875
0 0.3935546875 0.435546875 0.05078125 0.248046875
0 0.2783203125 0.36328125 0.0107421875 0.0546875
0 0.416259765625 0.44287109375 0.05126953125 0.2509765625
0 0.6767578125 0.4423828125 0.0703125 0.345703125
0 0.61181640625 0.43701171875 0.08203125 0.4013671875
0 0.991943359375 0.4111328125 0.01513671875 0.1171875
0 0.75244140625 0.375 0.01171875 0.05859375
0 0.7880859375 0.36572265625 0.009765625 0.0498046875
0 0.73388671875 0.3662109375 0.009765625 0.048828125
