0 0.58349609375 0.4208984375 0.013671875 0.068359375
0 0.03662109375 0.447265625 0.041015625 0.201171875
0 0.02880859375 0.47216796875 0.0576171875 0.2822265625
0 0.66943359375 0.404296875 0.01953125 0.095703125
0 0.701416015625 0.42333984375 0.03369140625 0.1669921875
0 0.72119140625 0.40869140625 0.033203125 0.1630859375
0 0.77685546875 0.40576171875 0.0419921875 0.2060546875
0 0.7880859375 0.42041015625 0.056640625 0.2783203125
0 0.827880859375 0.42529296875 0.05224609375 0.2548828125
0 0.882568359375 0.40380859375 0.06005859375 0.2958984375
