0 0.030517578125 0.41259765625 0.01318359375 0.0654296875
0 0.0712890625 0.41015625 0.01171875 0.05859375
0 0.048828125 0.40869140625 0.01171875 0.0595703125
0 0.04296875 0.41455078125 0.0126953125 0.0634765625
0 0.094970703125 0.4111328125 0.01220703125 0.060546875
0 0.088623046875 0.40771484375 0.01220703125 0.0615234375
0 0.08154296875 0.42578125 0.01953125 0.09765625
0 0.099853515625 0.41162109375 0.01220703125 0.0615234375
0 0.11328125 0.40869140625 0.0107421875 0.0537109375
0 0.119140625 0.4111328125 0.009765625 0.048828125
0 0.1259765625 0.41259765625 0.009765625 0.0478515625
0 0.136962890625 0.42333984375 0.01416015625 0.0693359375
0 0.1455078125 0.41748046875 0.0126953125 0.0634765625
0 0.1318359375 0.435546875 0.0166015625 0.08203125
0 0.16357421875 0.4287109375 0.017578125 0.0859375
0 0.17578125 0.4296875 0.0185546875 0.091796875
0 0.17529296875 0.4306640625 0.0185546875 0.08984375
0 0.32177734375 0.43359375 0.009765625 0.046875
0 0.21630859375 0.42919921875 0.01953125 0.0966796875
0 0.397216796875 0.431640625 0.01220703125 0.0625
0 0.226806640625 0.4326171875 0.01904296875 0.095703125
0 0.464111328125 0.43994140625 0.02197265625 0.1083984375
0 0.482177734375 0.43115234375 0.02490234375 0.1240234375
0 0.487060546875 0.43408203125 0.02685546875 0.1337890625
0 0.494384765625 0.4326171875 0.02783203125 0.138671875
0 0.86669921875 0.4248046875 0.009765625 0.048828125
0 0.876708984375 0.41796875 0.00634765625 0.033203125
0 0.8642578125 0.43359375 0.0126953125 0.0625
0 0.542724609375 0.4443359375 0.02587890625 0.126953125
0 0.819580078125 0.4375 0.03173828125 0.15625
0 0.80810546875 0.435546875 0.0322265625 0.16015625
0 0.5185546875 0.43115234375 0.0283203125 0.1396484375
0 0.523193359375 0.43701171875 0.02880859375 0.1435546875
0 0.531494140625 0.43359375 0.03662109375 0.1796875
0 0.565673828125 0.4306640625 0.02880859375 0.140625
0 0.539794921875 0.43896484375 0.03564453125 0.1767578125
0 0.626708984375 0.4384765625 0.02392578125 0.1171875
0 0.59130859375 0.4404296875 0.02734375 0.13671875
0 0.66064453125 0.427734375 0.0283203125 0.138671875
0 0.679931640625 0.43408203125 0.02587890625 0.1279296875
0 0.650634765625 0.4326171875 0.02783203125 0.138671875
0 0.655517578125 0.4306640625 0.02783203125 0.138671875
0 0.65869140625 0.4384765625 0.03125 0.154296875
0 0.705810546875 0.4306640625 0.03369140625 0.166015625
0 0.7294921875 0.447265625 0.0322265625 0.158203125
0 0.765380859375 0.44189453125 0.04345703125 0.2138671875
0 0.741943359375 0.45751953125 0.03759765625 0.1845703125
0 0.252197265625 0.43505859375 0.01611328125 0.0791015625
0 0.252685546875 0.431640625 0.02099609375 0.103515625
0 0.2783203125 0.42724609375 0.0224609375 0.1103515625
0 0.290771484375 0.4326171875 0.02001953125 0.09765625
0 0.10791015625 0.4208984375 0.013671875 0.068359375
