0 0.415283203125 0.43359375 0.00341796875 0.017578125
0 0.392333984375 0.431640625 0.00341796875 0.017578125
0 0.3935546875 0.443359375 0.0048828125 0.025390625
0 0.396484375 0.44140625 0.005859375 0.029296875
0 0.391357421875 0.44384765625 0.00634765625 0.0341796875
0 0.421875 0.4345703125 0.00390625 0.01953125
0 0.438232421875 0.44091796875 0.00439453125 0.0244140625
0 0.431884765625 0.4326171875 0.00341796875 0.017578125
0 0.433837890625 0.4384765625 0.00341796875 0.017578125
0 0.427734375 0.4462890625 0.00390625 0.021484375
0 0.479736328125 0.43310546875 0.00341796875 0.0185546875
0 0.4892578125 0.43359375 0.00390625 0.021484375
0 0.494873046875 0.43310546875 0.00341796875 0.0185546875
0 0.499267578125 0.4306640625 0.00439453125 0.021484375
0 0.50927734375 0.43359375 0.00390625 0.01953125
0 0.519287109375 0.43359375 0.00341796875 0.01953125
0 0.517333984375 0.43310546875 0.00341796875 0.0185546875
0 0.534423828125 0.439453125 0.00537109375 0.02734375
0 0.542236328125 0.4375 0.00537109375 0.02734375
0 0.54052734375 0.44091796875 0.0048828125 0.0263671875
0 0.54638671875 0.439453125 0.0048828125 0.025390625
0 0.554931640625 0.44091796875 0.00634765625 0.0341796875
0 0.55078125 0.43505859375 0.00390625 0.0205078125
0 0.551025390625 0.44921875 0.00732421875 0.037109375
0 0.566650390625 0.435546875 0.00439453125 0.0234375
0 0.570556640625 0.43017578125 0.00341796875 0.0185546875
0 0.57275390625 0.44091796875 0.00390625 0.0205078125
0 0.569091796875 0.4501953125 0.00732421875 0.037109375
0 0.561279296875 0.4609375 0.01416015625 0.0703125
0 0.601318359375 0.47021484375 0.00732421875 0.0361328125
0 0.595458984375 0.45947265625 0.01123046875 0.0556640625
0 0.616455078125 0.45458984375 0.01416015625 0.0712890625
0 0.623291015625 0.4453125 0.01806640625 0.08984375
0 0.606689453125 0.44580078125 0.01806640625 0.0888671875
0 0.661865234375 0.4423828125 0.01904296875 0.095703125
0 0.65380859375 0.4423828125 0.017578125 0.087890625
0 0.632568359375 0.43310546875 0.02490234375 0.1240234375
0 0.687255859375 0.44580078125 0.01904296875 0.0947265625
0 0.648193359375 0.44677734375 0.01513671875 0.0751953125
0 0.645751953125 0.439453125 0.02294921875 0.11328125
0 0.687744140625 0.439453125 0.02294921875 0.115234375
0 0.677490234375 0.43896484375 0.02197265625 0.1103515625
0 0.6650390625 0.435546875 0.0234375 0.115234375
0 0.670654296875 0.431640625 0.02685546875 0.1328125
0 0.69970703125 0.44189453125 0.0224609375 0.1123046875
0 0.75537109375 0.44287109375 0.0244140625 0.1220703125
0 0.739990234375 0.443359375 0.02294921875 0.115234375
0 0.77880859375 0.443359375 0.0244140625 0.119140625
0 0.767822265625 0.439453125 0.02490234375 0.123046875
0 0.80224609375 0.43896484375 0.0263671875 0.1298828125
0 0.7626953125 0.4365234375 0.02734375 0.134765625
0 0.727783203125 0.4306640625 0.03173828125 0.154296875
0 0.707763671875 0.439453125 0.02783203125 0.138671875
0 0.79052734375 0.439453125 0.029296875 0.146484375
0 0.827880859375 0.43359375 0.04443359375 0.21875
