0 0.73046875 0.37939453125 0.0078125 0.0400390625
0 0.705810546875 0.3798828125 0.00732421875 0.037109375
0 0.709228515625 0.38037109375 0.00732421875 0.0380859375
0 0.71337890625 0.38037109375 0.0078125 0.0380859375
0 0.7236328125 0.37890625 0.0087890625 0.04296875
0 0.80859375 0.4658203125 0.083984375 0.412109375
0 0.815185546875 0.47021484375 0.09033203125 0.4423828125
0 0.975830078125 0.46875 0.04736328125 0.390625
0 0.962646484375 0.5009765625 0.07373046875 0.419921875
0 0.666259765625 0.4404296875 0.08154296875 0.3984375
0 0.656005859375 0.46923828125 0.08056640625 0.3955078125
0 0.03564453125 0.43359375 0.0146484375 0.072265625
0 0.5703125 0.39501953125 0.0068359375 0.0341796875
0 0.572021484375 0.39697265625 0.00634765625 0.0322265625
0 0.577880859375 0.40478515625 0.00439453125 0.0224609375
0 0.5859375 0.4013671875 0.009765625 0.05078125
0 0.489501953125 0.40625 0.01123046875 0.0546875
0 0.55615234375 0.46875 0.060546875 0.298828125
0 0.48876953125 0.408203125 0.009765625 0.048828125
0 0.46630859375 0.41015625 0.01171875 0.056640625
0 0.531005859375 0.44091796875 0.07958984375 0.3896484375
0 0.5517578125 0.45654296875 0.0791015625 0.3876953125
0 0.62744140625 0.47900390625 0.0908203125 0.4443359375
0 0.1728515625 0.4248046875 0.0107421875 0.052734375
0 0.436279296875 0.412109375 0.00341796875 0.017578125
0 0.441162109375 0.40869140625 0.00439453125 0.0224609375
0 0.391357421875 0.40283203125 0.00732421875 0.0361328125
0 0.38671875 0.40283203125 0.0078125 0.0400390625
0 0.37890625 0.4150390625 0.0029296875 0.015625
0 0.382568359375 0.40673828125 0.00634765625 0.0322265625
0 0.388916015625 0.4189453125 0.01123046875 0.056640625
0 0.35986328125 0.40380859375 0.0078125 0.0380859375
0 0.34716796875 0.40771484375 0.009765625 0.0478515625
0 0.354248046875 0.41845703125 0.01220703125 0.0615234375
0 0.209228515625 0.4169921875 0.00830078125 0.041015625
0 0.2841796875 0.49462890625 0.0546875 0.2666015625
0 0.3095703125 0.45263671875 0.060546875 0.2978515625
0 0.309326171875 0.48974609375 0.08447265625 0.4130859375
0 0.06640625 0.49951171875 0.056640625 0.2783203125
0 0.09619140625 0.48486328125 0.0703125 0.3447265625
0 0.15673828125 0.4833984375 0.07421875 0.36328125
0 0.1220703125 0.5185546875 0.068359375 0.3359375
0 0.02392578125 0.51220703125 0.0478515625 0.2919921875
0 0.2412109375 0.498046875 0.095703125 0.46875
0 0.7197265625 0.37744140625 0.0087890625 0.0439453125
0 0.408447265625 0.4140625 0.00244140625 0.013671875
0 0.411865234375 0.40673828125 0.00537109375 0.0283203125
0 0.416259765625 0.41455078125 0.01025390625 0.0537109375
0 0.405029296875 0.4052734375 0.00634765625 0.03125
0 0.204345703125 0.4140625 0.00927734375 0.044921875
0 0.247802734375 0.47119140625 0.06982421875 0.3408203125
