0 0.4384765625 0.4013671875 0.0126953125 0.0625
0 0.62451171875 0.400390625 0.021484375 0.10546875
0 0.77392578125 0.39306640625 0.029296875 0.1455078125
0 0.802001953125 0.40087890625 0.02880859375 0.1435546875
0 0.92041015625 0.39208984375 0.04296875 0.2119140625
0 0.941162109375 0.37939453125 0.04833984375 0.2353515625
0 0.97265625 0.38427734375 0.05078125 0.2490234375
0 0.19482421875 0.416015625 0.01953125 0.09765625
0 0.236328125 0.43115234375 0.025390625 0.1259765625
0 0.17919921875 0.42041015625 0.029296875 0.1435546875
0 0.192138671875 0.42431640625 0.02490234375 0.1220703125
0 0.156494140625 0.42578125 0.02392578125 0.1171875
0 0.13427734375 0.42041015625 0.02734375 0.1357421875
