0 0.508544921875 0.37646484375 0.01025390625 0.0498046875
0 0.62939453125 0.4189453125 0.03515625 0.171875
0 0.792724609375 0.3994140625 0.03466796875 0.171875
0 0.774658203125 0.404296875 0.03369140625 0.166015625
0 0.833740234375 0.3916015625 0.03857421875 0.189453125
0 0.646728515625 0.40771484375 0.04443359375 0.2177734375
0 0.58251953125 0.41455078125 0.0400390625 0.1982421875
0 0.529052734375 0.4228515625 0.03955078125 0.193359375
0 0.459716796875 0.38037109375 0.01025390625 0.0517578125
0 0.285888671875 0.42138671875 0.03662109375 0.1806640625
0 0.274658203125 0.4208984375 0.03466796875 0.169921875
0 0.2880859375 0.4267578125 0.0380859375 0.185546875
