0 0.595703125 0.31640625 0.0009765625 0.005859375
0 0.560302734375 0.32470703125 0.00146484375 0.0068359375
0 0.585205078125 0.31884765625 0.00146484375 0.0068359375
0 0.56396484375 0.322265625 0.0009765625 0.0078125
0 0.58740234375 0.31640625 0.0009765625 0.005859375
0 0.605224609375 0.31494140625 0.00146484375 0.0068359375
0 0.6083984375 0.31396484375 0.0009765625 0.0068359375
0 0.591796875 0.31640625 0.0009765625 0.0078125
0 0.593505859375 0.31640625 0.00048828125 0.005859375
0 0.824951171875 0.34765625 0.01220703125 0.060546875
0 0.81591796875 0.34619140625 0.0126953125 0.0615234375
