0 0.532958984375 0.38720703125 0.00439453125 0.0224609375
0 0.343505859375 0.416015625 0.00634765625 0.03125
0 0.563720703125 0.390625 0.00537109375 0.02734375
0 0.6552734375 0.37841796875 0.0078125 0.0400390625
0 0.6669921875 0.39208984375 0.0107421875 0.0537109375
0 0.67431640625 0.39892578125 0.0166015625 0.0830078125
0 0.679931640625 0.40966796875 0.01904296875 0.0927734375
0 0.69775390625 0.4091796875 0.0205078125 0.1015625
0 0.72705078125 0.40380859375 0.021484375 0.1044921875
0 0.7138671875 0.4072265625 0.021484375 0.10546875
0 0.758544921875 0.4072265625 0.01708984375 0.0859375
0 0.74658203125 0.41064453125 0.0263671875 0.1318359375
0 0.781494140625 0.390625 0.01513671875 0.07421875
0 0.780029296875 0.3974609375 0.02001953125 0.09765625
0 0.63720703125 0.4150390625 0.0263671875 0.130859375
0 0.615478515625 0.41552734375 0.03466796875 0.1708984375
0 0.626953125 0.4150390625 0.0361328125 0.177734375
0 0.830810546875 0.39990234375 0.02490234375 0.1220703125
0 0.847900390625 0.39990234375 0.02392578125 0.1181640625
0 0.870361328125 0.39990234375 0.02294921875 0.1142578125
