0 0.0849609375 0.3701171875 0.0087890625 0.04296875
0 0.2109375 0.44287109375 0.0703125 0.3447265625
0 0.1513671875 0.42529296875 0.060546875 0.2978515625
0 0.166748046875 0.4296875 0.08935546875 0.4375
0 0.294677734375 0.41015625 0.05908203125 0.291015625
0 0.335693359375 0.4208984375 0.05810546875 0.28515625
0 0.635009765625 0.3623046875 0.02001953125 0.09765625
0 0.621826171875 0.3662109375 0.01806640625 0.08984375
0 0.70458984375 0.35205078125 0.0244140625 0.1220703125
0 0.726318359375 0.3583984375 0.02294921875 0.11328125
0 0.294189453125 0.4375 0.05322265625 0.26171875
0 0.6171875 0.36865234375 0.017578125 0.0869140625
0 0.647216796875 0.365234375 0.01806640625 0.08984375
0 0.74462890625 0.3583984375 0.0224609375 0.111328125
0 0.071044921875 0.3720703125 0.00732421875 0.037109375
0 0.108642578125 0.43359375 0.06201171875 0.302734375
