0 0.6435546875 0.38330078125 0.013671875 0.0673828125
0 0.63720703125 0.38525390625 0.013671875 0.0673828125
0 0.605224609375 0.3955078125 0.00830078125 0.041015625
0 0.62353515625 0.3955078125 0.009765625 0.046875
0 0.62890625 0.38720703125 0.013671875 0.0673828125
0 0.618896484375 0.3935546875 0.01025390625 0.052734375
0 0.613525390625 0.39501953125 0.00927734375 0.0458984375
0 0.6875 0.36962890625 0.0126953125 0.0634765625
0 0.692138671875 0.36767578125 0.01318359375 0.0654296875
0 0.696044921875 0.36962890625 0.01416015625 0.0693359375
0 0.70556640625 0.373046875 0.013671875 0.068359375
0 0.72802734375 0.36962890625 0.015625 0.0771484375
0 0.82177734375 0.40087890625 0.0458984375 0.2275390625
0 0.97216796875 0.43017578125 0.0546875 0.3076171875
0 0.5107421875 0.38671875 0.013671875 0.068359375
0 0.516357421875 0.3935546875 0.01416015625 0.0703125
0 0.516357421875 0.39208984375 0.01611328125 0.0810546875
0 0.49755859375 0.40087890625 0.009765625 0.0498046875
0 0.50634765625 0.39501953125 0.0126953125 0.0654296875
0 0.508544921875 0.3984375 0.01416015625 0.072265625
0 0.436279296875 0.4013671875 0.00927734375 0.046875
0 0.426513671875 0.40283203125 0.00830078125 0.0419921875
0 0.41357421875 0.4013671875 0.0087890625 0.044921875
0 0.40869140625 0.39990234375 0.0078125 0.0400390625
0 0.4189453125 0.4013671875 0.0146484375 0.072265625
0 0.433837890625 0.40283203125 0.01416015625 0.0712890625
0 0.47509765625 0.392578125 0.017578125 0.087890625
0 0.48828125 0.39697265625 0.01953125 0.0966796875
0 0.463623046875 0.39794921875 0.01611328125 0.0810546875
0 0.459716796875 0.40185546875 0.01513671875 0.0751953125
0 0.375 0.3916015625 0.01171875 0.056640625
0 0.369873046875 0.390625 0.01123046875 0.056640625
0 0.351806640625 0.39453125 0.01318359375 0.064453125
0 0.295654296875 0.4052734375 0.01318359375 0.064453125
0 0.28466796875 0.40478515625 0.0126953125 0.0634765625
0 0.289306640625 0.40234375 0.01220703125 0.060546875
0 0.270751953125 0.40234375 0.01220703125 0.060546875
0 0.259765625 0.4013671875 0.0126953125 0.064453125
0 0.22412109375 0.41943359375 0.0234375 0.1181640625
0 0.18701171875 0.42724609375 0.0234375 0.1142578125
0 0.201171875 0.4423828125 0.0302734375 0.150390625
0 0.112548828125 0.5048828125 0.08935546875 0.4375
0 0.05126953125 0.53369140625 0.095703125 0.4677734375
