0 0.27685546875 0.369140625 0.00390625 0.021484375
0 0.59228515625 0.33251953125 0.00390625 0.0205078125
0 0.660888671875 0.328125 0.00439453125 0.021484375
0 0.685546875 0.32861328125 0.00390625 0.0205078125
0 0.691162109375 0.3291015625 0.00244140625 0.013671875
0 0.875244140625 0.39990234375 0.01708984375 0.0849609375
0 0.883544921875 0.39892578125 0.01708984375 0.0849609375
0 0.033447265625 0.380859375 0.00634765625 0.03125
0 0.025390625 0.38525390625 0.005859375 0.0302734375
0 0.978759765625 0.49853515625 0.04150390625 0.4013671875
0 0.79052734375 0.45703125 0.0732421875 0.357421875
0 0.859130859375 0.48388671875 0.06201171875 0.3037109375
0 0.659912109375 0.38720703125 0.00341796875 0.0185546875
0 0.690673828125 0.38818359375 0.00439453125 0.0205078125
0 0.686279296875 0.39013671875 0.00439453125 0.0224609375
0 0.71484375 0.39453125 0.0107421875 0.0546875
0 0.7041015625 0.39990234375 0.009765625 0.0478515625
0 0.647216796875 0.390625 0.00439453125 0.0234375
0 0.641357421875 0.392578125 0.00439453125 0.0234375
0 0.53955078125 0.39208984375 0.005859375 0.0302734375
0 0.53173828125 0.390625 0.0068359375 0.03515625
0 0.4853515625 0.39306640625 0.0078125 0.0400390625
0 0.437255859375 0.4013671875 0.01123046875 0.056640625
0 0.478271484375 0.42724609375 0.01904296875 0.0947265625
0 0.45703125 0.42578125 0.0205078125 0.099609375
0 0.4296875 0.40283203125 0.009765625 0.0498046875
0 0.435546875 0.42431640625 0.021484375 0.1044921875
0 0.4140625 0.43212890625 0.0185546875 0.0927734375
0 0.3583984375 0.416015625 0.015625 0.076171875
0 0.32958984375 0.4072265625 0.017578125 0.087890625
0 0.29736328125 0.41552734375 0.0244140625 0.1201171875
0 0.282470703125 0.42822265625 0.01806640625 0.0908203125
0 0.250244140625 0.41650390625 0.02197265625 0.1103515625
