0 0.0498046875 0.3544921875 0.005859375 0.029296875
0 0.0849609375 0.36083984375 0.0048828125 0.0244140625
0 0.08984375 0.35986328125 0.005859375 0.0302734375
0 0.093505859375 0.359375 0.00830078125 0.041015625
0 0.071044921875 0.396484375 0.01416015625 0.068359375
0 0.2646484375 0.388671875 0.0126953125 0.064453125
0 0.287841796875 0.38720703125 0.01123046875 0.0576171875
0 0.295166015625 0.39111328125 0.01123046875 0.0576171875
0 0.12451171875 0.39306640625 0.0146484375 0.0732421875
0 0.135986328125 0.3935546875 0.01416015625 0.0703125
0 0.14013671875 0.40380859375 0.0146484375 0.0732421875
0 0.1591796875 0.39208984375 0.0126953125 0.0634765625
0 0.17138671875 0.3896484375 0.0126953125 0.0625
0 0.18212890625 0.39111328125 0.013671875 0.0693359375
0 0.1640625 0.408203125 0.0146484375 0.072265625
0 0.95947265625 0.45947265625 0.080078125 0.5146484375
0 0.48681640625 0.40576171875 0.0244140625 0.1220703125
0 0.5185546875 0.40625 0.025390625 0.126953125
0 0.51025390625 0.4052734375 0.025390625 0.126953125
0 0.484619140625 0.4326171875 0.01611328125 0.08203125
0 0.565673828125 0.43701171875 0.06494140625 0.3193359375
0 0.547607421875 0.44091796875 0.07373046875 0.3603515625
0 0.617919921875 0.4677734375 0.10498046875 0.513671875
0 0.664794921875 0.47802734375 0.10791015625 0.5263671875
0 0.4541015625 0.400390625 0.0224609375 0.111328125
0 0.30029296875 0.4013671875 0.01953125 0.095703125
0 0.407958984375 0.51953125 0.14697265625 0.716796875
0 0.404052734375 0.5595703125 0.14990234375 0.732421875
