0 0.7880859375 0.35595703125 0.009765625 0.0498046875
0 0.875 0.3544921875 0.0205078125 0.1015625
0 0.932861328125 0.36083984375 0.02197265625 0.1083984375
0 0.897216796875 0.357421875 0.02392578125 0.1171875
0 0.96875 0.3564453125 0.0263671875 0.12890625
0 0.904052734375 0.36328125 0.02783203125 0.13671875
0 0.98583984375 0.3544921875 0.02734375 0.263671875
0 0.253662109375 0.3876953125 0.01611328125 0.080078125
0 0.5888671875 0.42626953125 0.0830078125 0.4052734375
0 0.550537109375 0.4580078125 0.07373046875 0.361328125
0 0.2412109375 0.39599609375 0.013671875 0.0673828125
0 0.26953125 0.38720703125 0.013671875 0.0673828125
0 0.32861328125 0.4521484375 0.0830078125 0.40625
0 0.38427734375 0.43994140625 0.09375 0.4580078125
