0 0.42578125 0.21484375 0.0048828125 0.025390625
0 0.197265625 0.38037109375 0.005859375 0.0302734375
0 0.36474609375 0.37548828125 0.0068359375 0.0361328125
0 0.38720703125 0.3740234375 0.0087890625 0.044921875
0 0.3828125 0.3828125 0.0107421875 0.052734375
0 0.343994140625 0.38037109375 0.00927734375 0.0458984375
0 0.2587890625 0.3798828125 0.0078125 0.0390625
0 0.3583984375 0.3818359375 0.009765625 0.05078125
0 0.39013671875 0.3818359375 0.0107421875 0.0546875
0 0.404541015625 0.38134765625 0.01025390625 0.0498046875
0 0.39990234375 0.3818359375 0.01171875 0.05859375
0 0.41650390625 0.38232421875 0.01171875 0.0576171875
0 0.6552734375 0.38623046875 0.0322265625 0.1591796875
0 0.7275390625 0.3720703125 0.033203125 0.1640625
0 0.68359375 0.3603515625 0.015625 0.078125
0 0.88671875 0.37060546875 0.0380859375 0.1865234375
0 0.930419921875 0.3603515625 0.04052734375 0.19921875
0 0.41650390625 0.232421875 0.005859375 0.029296875
0 0.432373046875 0.22802734375 0.00634765625 0.0322265625
0 0.35009765625 0.37890625 0.009765625 0.048828125
0 0.376708984375 0.380859375 0.01025390625 0.052734375
