0 0.483642578125 0.3984375 0.00732421875 0.037109375
0 0.489501953125 0.400390625 0.00634765625 0.03125
0 0.495849609375 0.40087890625 0.00634765625 0.0322265625
0 0.4931640625 0.4013671875 0.0068359375 0.033203125
0 0.501708984375 0.40283203125 0.00634765625 0.0322265625
0 0.5302734375 0.4052734375 0.0087890625 0.04296875
0 0.53515625 0.4052734375 0.009765625 0.048828125
0 0.544189453125 0.3994140625 0.00830078125 0.04296875
0 0.552001953125 0.4033203125 0.01123046875 0.056640625
0 0.542236328125 0.40771484375 0.01123046875 0.0556640625
0 0.562744140625 0.40478515625 0.01220703125 0.0615234375
0 0.555419921875 0.40576171875 0.01123046875 0.0556640625
0 0.5751953125 0.40380859375 0.0126953125 0.0615234375
0 0.650634765625 0.408203125 0.02294921875 0.11328125
0 0.67578125 0.41259765625 0.0205078125 0.1025390625
0 0.701171875 0.40869140625 0.021484375 0.1064453125
0 0.859375 0.423828125 0.03515625 0.173828125
0 0.896728515625 0.40625 0.04150390625 0.205078125
0 0.349853515625 0.40087890625 0.00341796875 0.0185546875
0 0.35302734375 0.39990234375 0.00390625 0.0205078125
0 0.3212890625 0.40478515625 0.005859375 0.0302734375
0 0.3134765625 0.40283203125 0.005859375 0.0283203125
0 0.261962890625 0.412109375 0.00927734375 0.046875
0 0.24658203125 0.4111328125 0.009765625 0.048828125
0 0.248046875 0.41357421875 0.0107421875 0.0517578125
0 0.23828125 0.41357421875 0.0107421875 0.0537109375
0 0.25390625 0.41064453125 0.01171875 0.0576171875
0 0.198486328125 0.41748046875 0.01513671875 0.0771484375
0 0.179443359375 0.4169921875 0.01513671875 0.076171875
