0 0.434326171875 0.4091796875 0.00927734375 0.048828125
0 0.427001953125 0.41015625 0.01025390625 0.05078125
0 0.40625 0.41455078125 0.0087890625 0.0439453125
0 0.3515625 0.41357421875 0.01171875 0.0595703125
0 0.350830078125 0.41650390625 0.01123046875 0.0556640625
0 0.355712890625 0.4150390625 0.01416015625 0.068359375
0 0.34521484375 0.41552734375 0.013671875 0.0693359375
0 0.3359375 0.41845703125 0.0107421875 0.0517578125
0 0.280029296875 0.4169921875 0.01220703125 0.0625
0 0.203369140625 0.43701171875 0.00927734375 0.0478515625
0 0.1767578125 0.42822265625 0.0146484375 0.0732421875
0 0.165771484375 0.43408203125 0.01318359375 0.0654296875
0 0.169677734375 0.4306640625 0.01416015625 0.0703125
0 0.10888671875 0.43017578125 0.017578125 0.0869140625
0 0.09814453125 0.4326171875 0.0166015625 0.08203125
0 0.092041015625 0.439453125 0.01513671875 0.07421875
0 0.1025390625 0.431640625 0.017578125 0.0859375
0 0.366943359375 0.41943359375 0.01123046875 0.0576171875
0 0.06884765625 0.43994140625 0.013671875 0.0673828125
0 0.0625 0.439453125 0.017578125 0.0859375
0 0.02734375 0.45849609375 0.0107421875 0.0556640625
0 0.015625 0.45849609375 0.0126953125 0.0615234375
0 0.536865234375 0.40966796875 0.01318359375 0.0654296875
0 0.66943359375 0.40234375 0.01171875 0.056640625
0 0.668212890625 0.40869140625 0.01123046875 0.0556640625
0 0.675537109375 0.40771484375 0.01220703125 0.0595703125
0 0.583740234375 0.4130859375 0.01220703125 0.060546875
0 0.589599609375 0.40771484375 0.01416015625 0.0712890625
0 0.69482421875 0.40087890625 0.0126953125 0.0654296875
0 0.69189453125 0.400390625 0.013671875 0.068359375
0 0.701416015625 0.40869140625 0.01025390625 0.0517578125
0 0.716796875 0.40185546875 0.01171875 0.0595703125
0 0.712646484375 0.4052734375 0.01025390625 0.052734375
0 0.740478515625 0.40234375 0.01318359375 0.06640625
0 0.734375 0.3974609375 0.015625 0.078125
0 0.75390625 0.390625 0.0146484375 0.072265625
0 0.748291015625 0.400390625 0.01416015625 0.0703125
0 0.7626953125 0.39453125 0.013671875 0.0703125
0 0.7685546875 0.3916015625 0.0146484375 0.0703125
0 0.781494140625 0.39404296875 0.01220703125 0.0595703125
0 0.79541015625 0.39013671875 0.0126953125 0.0634765625
0 0.803466796875 0.3896484375 0.01123046875 0.0546875
0 0.806884765625 0.39013671875 0.01220703125 0.0615234375
0 0.80908203125 0.39013671875 0.0126953125 0.0615234375
0 0.812744140625 0.39306640625 0.01220703125 0.0615234375
0 0.860107421875 0.38232421875 0.01318359375 0.0654296875
0 0.854248046875 0.38525390625 0.01220703125 0.0615234375
0 0.885009765625 0.3828125 0.01220703125 0.0625
0 0.90869140625 0.38037109375 0.013671875 0.0673828125
0 0.330810546875 0.4169921875 0.01123046875 0.056640625
0 0.195556640625 0.43115234375 0.01220703125 0.0615234375
0 0.8486328125 0.3857421875 0.01171875 0.060546875
0 0.420166015625 0.4130859375 0.00927734375 0.046875
0 0.01708984375 0.4599609375 0.013671875 0.06640625
