0 0.24267578125 0.4287109375 0.009765625 0.048828125
0 0.50146484375 0.447265625 0.017578125 0.087890625
0 0.52294921875 0.4453125 0.017578125 0.087890625
0 0.4873046875 0.44775390625 0.01953125 0.0966796875
0 0.4716796875 0.44580078125 0.021484375 0.1083984375
0 0.6845703125 0.4189453125 0.009765625 0.048828125
0 0.711669921875 0.416015625 0.00927734375 0.046875
0 0.716552734375 0.416015625 0.00927734375 0.044921875
0 0.701416015625 0.416015625 0.00830078125 0.04296875
0 0.696044921875 0.4189453125 0.01025390625 0.052734375
0 0.74169921875 0.416015625 0.0078125 0.0390625
0 0.791259765625 0.41162109375 0.00634765625 0.0302734375
