0 0.47998046875 0.3974609375 0.0048828125 0.025390625
0 0.458740234375 0.39501953125 0.00634765625 0.0322265625
0 0.452880859375 0.39697265625 0.00537109375 0.0283203125
0 0.4013671875 0.39501953125 0.0078125 0.0380859375
0 0.392822265625 0.39892578125 0.00830078125 0.0439453125
0 0.3984375 0.39892578125 0.0087890625 0.0439453125
0 0.350830078125 0.4033203125 0.01513671875 0.07421875
0 0.1572265625 0.4423828125 0.0263671875 0.12890625
0 0.18212890625 0.41796875 0.0361328125 0.177734375
0 0.1474609375 0.427734375 0.0361328125 0.177734375
0 0.116455078125 0.421875 0.03759765625 0.18359375
0 0.10302734375 0.43017578125 0.0361328125 0.1767578125
0 0.113525390625 0.4404296875 0.03466796875 0.16796875
0 0.1611328125 0.4404296875 0.033203125 0.1640625
0 0.544921875 0.41064453125 0.0390625 0.1923828125
0 0.611572265625 0.416015625 0.03369140625 0.16796875
