0 0.830810546875 0.3984375 0.01318359375 0.064453125
0 0.86083984375 0.40576171875 0.0146484375 0.0732421875
0 0.8525390625 0.4033203125 0.015625 0.078125
0 0.84326171875 0.4013671875 0.0166015625 0.08203125
0 0.890869140625 0.39990234375 0.01611328125 0.0791015625
0 0.87158203125 0.39501953125 0.0185546875 0.0927734375
0 0.8984375 0.39306640625 0.0185546875 0.0927734375
0 0.91015625 0.39208984375 0.017578125 0.0869140625
0 0.93505859375 0.392578125 0.013671875 0.06640625
0 0.92041015625 0.39208984375 0.0185546875 0.0927734375
0 0.97998046875 0.38671875 0.0146484375 0.072265625
0 0.994140625 0.38671875 0.0107421875 0.068359375
0 0.826416015625 0.3994140625 0.01416015625 0.0703125
