0 0.598388671875 0.34814453125 0.00244140625 0.0126953125
0 0.619873046875 0.34423828125 0.00244140625 0.0126953125
0 0.634521484375 0.33935546875 0.00341796875 0.0166015625
0 0.6376953125 0.34033203125 0.0029296875 0.0166015625
0 0.67919921875 0.3359375 0.0029296875 0.015625
0 0.68408203125 0.3369140625 0.0029296875 0.013671875
0 0.68994140625 0.33447265625 0.0029296875 0.0166015625
0 0.802490234375 0.32958984375 0.00341796875 0.0166015625
0 0.810546875 0.3291015625 0.0029296875 0.017578125
0 0.826171875 0.3271484375 0.0048828125 0.025390625
0 0.884033203125 0.32568359375 0.00439453125 0.0224609375
0 0.8896484375 0.3251953125 0.00390625 0.021484375
0 0.921142578125 0.3251953125 0.00244140625 0.013671875
0 0.92578125 0.322265625 0.0029296875 0.015625
0 0.93017578125 0.32275390625 0.0029296875 0.0146484375
0 0.94140625 0.31982421875 0.0029296875 0.0146484375
0 0.94580078125 0.31982421875 0.0029296875 0.0146484375
0 0.5263671875 0.35595703125 0.0029296875 0.0146484375
0 0.563720703125 0.3818359375 0.01416015625 0.068359375
0 0.376708984375 0.38232421875 0.00341796875 0.0166015625
0 0.37353515625 0.3759765625 0.005859375 0.02734375
0 0.394775390625 0.3818359375 0.00341796875 0.017578125
0 0.392578125 0.37890625 0.00390625 0.01953125
0 0.389404296875 0.39453125 0.00537109375 0.02734375
0 0.384521484375 0.3974609375 0.00537109375 0.02734375
0 0.510986328125 0.521484375 0.10400390625 0.509765625
0 0.797119140625 0.4873046875 0.10888671875 0.533203125
0 0.178955078125 0.494140625 0.10009765625 0.490234375
0 0.218017578125 0.49169921875 0.11474609375 0.5615234375
0 0.380615234375 0.37646484375 0.00439453125 0.0244140625
