0 0.98046875 0.365234375 0.013671875 0.0703125
0 0.988525390625 0.39306640625 0.02197265625 0.1259765625
0 0.788330078125 0.36962890625 0.03564453125 0.1728515625
0 0.794677734375 0.37109375 0.03369140625 0.1640625
0 0.834716796875 0.3798828125 0.03271484375 0.16015625
0 0.857421875 0.3642578125 0.0458984375 0.2265625
0 0.81494140625 0.37841796875 0.0419921875 0.2060546875
0 0.74267578125 0.37744140625 0.0576171875 0.2822265625
0 0.7939453125 0.373046875 0.056640625 0.27734375
0 0.217041015625 0.40283203125 0.00341796875 0.0185546875
0 0.2109375 0.4140625 0.00390625 0.021484375
0 0.22021484375 0.41748046875 0.0068359375 0.0341796875
0 0.21533203125 0.42041015625 0.0078125 0.0380859375
0 0.013427734375 0.4443359375 0.02685546875 0.1328125
0 0.056640625 0.4384765625 0.0263671875 0.130859375
0 0.33984375 0.40771484375 0.0078125 0.0400390625
0 0.334716796875 0.4052734375 0.00830078125 0.041015625
0 0.337890625 0.4091796875 0.0068359375 0.037109375
0 0.349853515625 0.4072265625 0.00732421875 0.037109375
0 0.347900390625 0.4091796875 0.00732421875 0.037109375
0 0.358154296875 0.4052734375 0.00732421875 0.037109375
0 0.376708984375 0.40771484375 0.00634765625 0.0322265625
0 0.37060546875 0.404296875 0.0087890625 0.04296875
0 0.436279296875 0.40673828125 0.00732421875 0.0361328125
0 0.42822265625 0.40234375 0.0078125 0.041015625
0 0.4296875 0.40576171875 0.0078125 0.0400390625
0 0.39013671875 0.40576171875 0.0068359375 0.0341796875
0 0.38525390625 0.40380859375 0.0087890625 0.0439453125
0 0.4013671875 0.4052734375 0.0068359375 0.03515625
0 0.41455078125 0.40283203125 0.0087890625 0.0419921875
0 0.409912109375 0.3994140625 0.00830078125 0.04296875
0 0.41796875 0.400390625 0.0087890625 0.044921875
0 0.412353515625 0.40283203125 0.00732421875 0.0361328125
0 0.40576171875 0.4033203125 0.0078125 0.041015625
0 0.53759765625 0.39501953125 0.009765625 0.0498046875
0 0.502197265625 0.3994140625 0.00927734375 0.048828125
0 0.51611328125 0.39208984375 0.009765625 0.0478515625
0 0.522705078125 0.39794921875 0.01025390625 0.0517578125
0 0.509765625 0.408203125 0.005859375 0.029296875
0 0.511962890625 0.3994140625 0.01123046875 0.056640625
0 0.5546875 0.41259765625 0.0078125 0.0380859375
0 0.559326171875 0.4013671875 0.01611328125 0.08203125
0 0.600830078125 0.38818359375 0.01611328125 0.0810546875
