0 0.16796875 0.4267578125 0.00390625 0.01953125
0 0.125244140625 0.4208984375 0.00634765625 0.033203125
0 0.1328125 0.4228515625 0.005859375 0.029296875
0 0.443603515625 0.42431640625 0.00341796875 0.0166015625
0 0.47021484375 0.4111328125 0.0087890625 0.04296875
0 0.479736328125 0.41796875 0.00537109375 0.02734375
0 0.486083984375 0.4189453125 0.00537109375 0.02734375
0 0.59228515625 0.40869140625 0.01171875 0.0576171875
0 0.609130859375 0.4091796875 0.01025390625 0.05078125
0 0.603271484375 0.4111328125 0.01025390625 0.052734375
0 0.617431640625 0.40869140625 0.01123046875 0.0556640625
0 0.62060546875 0.4052734375 0.0146484375 0.072265625
0 0.633544921875 0.40869140625 0.01220703125 0.0615234375
0 0.742431640625 0.4013671875 0.01416015625 0.0703125
0 0.875 0.3994140625 0.0234375 0.115234375
0 0.9072265625 0.39453125 0.0234375 0.115234375
0 0.67333984375 0.45947265625 0.0458984375 0.2255859375
0 0.69482421875 0.458984375 0.048828125 0.240234375
