0 0.586181640625 0.3037109375 0.00146484375 0.0078125
0 0.58935546875 0.30322265625 0.0009765625 0.0048828125
0 0.594482421875 0.3037109375 0.00048828125 0.005859375
0 0.596923828125 0.30419921875 0.00048828125 0.0048828125
0 0.51318359375 0.31298828125 0.0009765625 0.0068359375
0 0.505859375 0.3125 0.0009765625 0.0078125
0 0.498046875 0.3134765625 0.001953125 0.009765625
0 0.49267578125 0.314453125 0.0009765625 0.0078125
0 0.481201171875 0.31396484375 0.00146484375 0.0087890625
0 0.478271484375 0.3154296875 0.00146484375 0.009765625
0 0.43408203125 0.32568359375 0.001953125 0.0107421875
0 0.436279296875 0.3251953125 0.00146484375 0.009765625
0 0.43212890625 0.33544921875 0.001953125 0.0126953125
0 0.42333984375 0.3515625 0.001953125 0.009765625
0 0.420654296875 0.3603515625 0.00341796875 0.017578125
0 0.417724609375 0.36767578125 0.00244140625 0.0126953125
0 0.411865234375 0.37060546875 0.00244140625 0.0146484375
0 0.409423828125 0.37109375 0.00244140625 0.013671875
0 0.407470703125 0.36962890625 0.00244140625 0.0146484375
0 0.405029296875 0.36865234375 0.00341796875 0.0185546875
0 0.40234375 0.37060546875 0.0029296875 0.0166015625
0 0.3994140625 0.37109375 0.001953125 0.01171875
0 0.390625 0.365234375 0.0009765625 0.0078125
0 0.391845703125 0.369140625 0.00244140625 0.01171875
0 0.393798828125 0.37158203125 0.00244140625 0.0126953125
0 0.441650390625 0.36865234375 0.00244140625 0.0146484375
0 0.440673828125 0.36962890625 0.00244140625 0.0126953125
0 0.439453125 0.37158203125 0.001953125 0.0126953125
0 0.436767578125 0.36767578125 0.00341796875 0.0166015625
0 0.4599609375 0.3916015625 0.0048828125 0.025390625
0 0.446533203125 0.390625 0.00634765625 0.03125
0 0.8681640625 0.37841796875 0.00390625 0.0185546875
0 0.877685546875 0.376953125 0.00341796875 0.01953125
0 0.898193359375 0.37939453125 0.00244140625 0.0146484375
0 0.900634765625 0.37841796875 0.00341796875 0.0185546875
0 0.88916015625 0.37890625 0.00390625 0.01953125
0 0.906494140625 0.37841796875 0.00341796875 0.0185546875
0 0.91015625 0.37744140625 0.00390625 0.0185546875
0 0.934814453125 0.38427734375 0.00537109375 0.0263671875
0 0.943359375 0.38134765625 0.00390625 0.0205078125
0 0.607421875 0.4033203125 0.013671875 0.068359375
0 0.88427734375 0.37841796875 0.00390625 0.0205078125
