0 0.470458984375 0.466796875 0.01025390625 0.052734375
0 0.041015625 0.47705078125 0.0146484375 0.0732421875
0 0.53369140625 0.47314453125 0.021484375 0.1083984375
0 0.49462890625 0.46728515625 0.021484375 0.1083984375
0 0.4453125 0.4677734375 0.0126953125 0.0625
0 0.478515625 0.4638671875 0.0146484375 0.07421875
0 0.419677734375 0.46533203125 0.01513671875 0.0771484375
0 0.298828125 0.47021484375 0.0224609375 0.1103515625
0 0.146484375 0.474609375 0.0263671875 0.130859375
0 0.050537109375 0.47802734375 0.01513671875 0.0751953125
0 0.016845703125 0.47412109375 0.02685546875 0.1298828125
0 0.0107421875 0.4716796875 0.021484375 0.15234375
