0 0.637451171875 0.375 0.00537109375 0.029296875
0 0.721435546875 0.37890625 0.00732421875 0.037109375
0 0.727783203125 0.3779296875 0.00732421875 0.0390625
0 0.734619140625 0.38427734375 0.01025390625 0.0517578125
0 0.747802734375 0.37744140625 0.00830078125 0.0400390625
0 0.7587890625 0.37451171875 0.0068359375 0.0341796875
0 0.755615234375 0.3779296875 0.01025390625 0.05078125
0 0.77490234375 0.375 0.0078125 0.0390625
0 0.76953125 0.376953125 0.0087890625 0.04296875
0 0.777587890625 0.38037109375 0.00732421875 0.0380859375
0 0.79638671875 0.37890625 0.009765625 0.048828125
0 0.84912109375 0.39306640625 0.0166015625 0.0830078125
0 0.864501953125 0.3857421875 0.01220703125 0.05859375
0 0.876953125 0.38427734375 0.01171875 0.0595703125
0 0.86962890625 0.38671875 0.0146484375 0.0703125
0 0.890625 0.36865234375 0.0107421875 0.0537109375
0 0.883544921875 0.3818359375 0.01513671875 0.076171875
0 0.903076171875 0.3720703125 0.01123046875 0.056640625
0 0.91015625 0.37353515625 0.0107421875 0.0537109375
0 0.915771484375 0.3681640625 0.01123046875 0.0546875
0 0.9130859375 0.3740234375 0.01171875 0.05859375
0 0.924560546875 0.365234375 0.01123046875 0.056640625
0 0.935546875 0.369140625 0.01171875 0.05859375
0 0.960693359375 0.35888671875 0.01123046875 0.0556640625
0 0.969970703125 0.37646484375 0.01416015625 0.0693359375
0 0.957275390625 0.373046875 0.01220703125 0.0625
0 0.704833984375 0.39892578125 0.01806640625 0.0908203125
0 0.718017578125 0.39404296875 0.01806640625 0.0908203125
0 0.7421875 0.40771484375 0.0244140625 0.1220703125
0 0.70263671875 0.41162109375 0.0234375 0.1142578125
0 0.66748046875 0.42626953125 0.015625 0.0791015625
0 0.67431640625 0.4140625 0.0205078125 0.1015625
0 0.6337890625 0.37646484375 0.005859375 0.0302734375
0 0.59814453125 0.38037109375 0.00390625 0.0205078125
0 0.591064453125 0.37890625 0.00439453125 0.021484375
0 0.5400390625 0.37939453125 0.00390625 0.0185546875
0 0.56640625 0.412109375 0.0224609375 0.111328125
0 0.572265625 0.41162109375 0.0234375 0.1162109375
0 0.580810546875 0.41552734375 0.02587890625 0.1279296875
0 0.534912109375 0.4072265625 0.02392578125 0.119140625
0 0.470458984375 0.4033203125 0.02197265625 0.109375
0 0.46875 0.412109375 0.0224609375 0.109375
0 0.445556640625 0.41064453125 0.02099609375 0.1025390625
0 0.156982421875 0.4267578125 0.02197265625 0.109375
0 0.124267578125 0.42626953125 0.01416015625 0.0693359375
0 0.115478515625 0.42529296875 0.01416015625 0.0712890625
0 0.106689453125 0.4267578125 0.01416015625 0.0703125
0 0.511962890625 0.41552734375 0.02197265625 0.1103515625
0 0.070068359375 0.42431640625 0.01416015625 0.0693359375
0 0.136474609375 0.423828125 0.01611328125 0.078125
0 0.021240234375 0.44482421875 0.03173828125 0.1552734375
0 0.7890625 0.3955078125 0.021484375 0.10546875
0 0.445556640625 0.40380859375 0.02099609375 0.1044921875
