0 0.45751953125 0.158203125 0.0107421875 0.052734375
0 0.114501953125 0.34326171875 0.00439453125 0.0224609375
0 0.49169921875 0.17529296875 0.0107421875 0.0537109375
0 0.118896484375 0.34423828125 0.00537109375 0.0283203125
0 0.1806640625 0.34326171875 0.005859375 0.0283203125
0 0.1875 0.345703125 0.0048828125 0.025390625
0 0.194580078125 0.34814453125 0.00439453125 0.0224609375
0 0.150390625 0.42529296875 0.0283203125 0.1416015625
0 0.20263671875 0.4189453125 0.0234375 0.1171875
0 0.246826171875 0.4375 0.02783203125 0.138671875
0 0.24072265625 0.44189453125 0.029296875 0.1435546875
0 0.421875 0.40234375 0.0048828125 0.025390625
0 0.434326171875 0.40625 0.00439453125 0.0234375
0 0.843505859375 0.41455078125 0.02197265625 0.1083984375
