0 0.639892578125 0.3935546875 0.00537109375 0.02734375
0 0.69482421875 0.3955078125 0.0107421875 0.0546875
0 0.71435546875 0.3984375 0.009765625 0.048828125
0 0.739013671875 0.3857421875 0.00927734375 0.048828125
0 0.747802734375 0.3837890625 0.01318359375 0.064453125
0 0.814208984375 0.3837890625 0.02001953125 0.09765625
0 0.19580078125 0.412109375 0.0087890625 0.04296875
0 0.370361328125 0.40185546875 0.00439453125 0.0244140625
0 0.315185546875 0.40380859375 0.00634765625 0.0322265625
0 0.309326171875 0.40478515625 0.00537109375 0.0283203125
0 0.193359375 0.41357421875 0.0078125 0.0380859375
0 0.201171875 0.412109375 0.0087890625 0.044921875
0 0.1806640625 0.42236328125 0.0146484375 0.0732421875
0 0.15087890625 0.42822265625 0.013671875 0.0693359375
0 0.134521484375 0.42724609375 0.01416015625 0.0712890625
0 0.0908203125 0.423828125 0.01171875 0.05859375
0 0.084716796875 0.42724609375 0.01318359375 0.0654296875
0 0.046630859375 0.42822265625 0.01318359375 0.0654296875
