0 0.156005859375 0.40234375 0.01611328125 0.080078125
0 0.401611328125 0.373046875 0.02783203125 0.13671875
0 0.614990234375 0.38427734375 0.04150390625 0.2041015625
0 0.337890625 0.3984375 0.021484375 0.107421875
0 0.3515625 0.3857421875 0.025390625 0.126953125
0 0.23779296875 0.39990234375 0.0185546875 0.0927734375
0 0.254638671875 0.40185546875 0.01708984375 0.0849609375
0 0.201904296875 0.400390625 0.01708984375 0.0859375
0 0.207763671875 0.39794921875 0.01904296875 0.0927734375
0 0.213134765625 0.3994140625 0.01904296875 0.095703125
0 0.168701171875 0.40283203125 0.01611328125 0.0810546875
0 0.30712890625 0.40673828125 0.0185546875 0.0908203125
0 0.320068359375 0.396484375 0.02294921875 0.11328125
