0 0.265380859375 0.40380859375 0.01220703125 0.0615234375
0 0.162109375 0.43408203125 0.02734375 0.1357421875
0 0.13427734375 0.4404296875 0.0263671875 0.130859375
0 0.312744140625 0.41162109375 0.01513671875 0.0751953125
0 0.31787109375 0.41162109375 0.021484375 0.1064453125
0 0.2900390625 0.421875 0.03515625 0.173828125
0 0.380859375 0.4208984375 0.0263671875 0.130859375
0 0.51025390625 0.4150390625 0.048828125 0.23828125
0 0.60546875 0.40869140625 0.05078125 0.2490234375
0 0.5703125 0.41357421875 0.048828125 0.2392578125
0 0.681884765625 0.3974609375 0.03466796875 0.169921875
0 0.69580078125 0.41845703125 0.04296875 0.2119140625
0 0.694580078125 0.39794921875 0.05322265625 0.2607421875
0 0.80517578125 0.4248046875 0.0830078125 0.40625
