0 0.670654296875 0.337890625 0.01025390625 0.05078125
0 0.655517578125 0.3388671875 0.01123046875 0.056640625
0 0.66357421875 0.3466796875 0.0146484375 0.07421875
0 0.746337890625 0.37109375 0.02197265625 0.107421875
0 0.719970703125 0.37255859375 0.02294921875 0.1123046875
0 0.907470703125 0.36279296875 0.02978515625 0.1474609375
0 0.872802734375 0.3759765625 0.02001953125 0.099609375
0 0.607177734375 0.3251953125 0.00732421875 0.0390625
0 0.6142578125 0.3251953125 0.0078125 0.0390625
0 0.62353515625 0.32275390625 0.0087890625 0.0439453125
0 0.630126953125 0.333984375 0.01025390625 0.05078125
0 0.6396484375 0.33056640625 0.01171875 0.0576171875
0 0.6416015625 0.33349609375 0.0107421875 0.0517578125
0 0.64501953125 0.341796875 0.01171875 0.056640625
0 0.548095703125 0.32421875 0.00634765625 0.033203125
0 0.578125 0.326171875 0.0068359375 0.033203125
0 0.572265625 0.330078125 0.0068359375 0.03515625
0 0.56298828125 0.3291015625 0.0078125 0.0390625
0 0.539306640625 0.32568359375 0.00634765625 0.0322265625
0 0.5361328125 0.32568359375 0.0068359375 0.0341796875
0 0.4921875 0.3212890625 0.0048828125 0.025390625
0 0.49853515625 0.32177734375 0.0048828125 0.0263671875
0 0.47412109375 0.32373046875 0.005859375 0.0283203125
0 0.48388671875 0.32861328125 0.0087890625 0.0439453125
0 0.464599609375 0.32666015625 0.00634765625 0.0322265625
0 0.451416015625 0.31982421875 0.00634765625 0.0322265625
0 0.457275390625 0.32080078125 0.00634765625 0.0322265625
0 0.445556640625 0.32275390625 0.00537109375 0.0283203125
0 0.4365234375 0.32275390625 0.0087890625 0.0439453125
0 0.427978515625 0.318359375 0.00439453125 0.021484375
0 0.41455078125 0.322265625 0.005859375 0.029296875
0 0.41796875 0.33740234375 0.005859375 0.0302734375
0 0.412841796875 0.33935546875 0.00634765625 0.0322265625
0 0.4326171875 0.35693359375 0.0146484375 0.0732421875
0 0.430908203125 0.36181640625 0.01416015625 0.0693359375
0 0.522216796875 0.4130859375 0.03466796875 0.169921875
0 0.370849609375 0.345703125 0.01025390625 0.05078125
0 0.3671875 0.3583984375 0.01171875 0.056640625
0 0.333740234375 0.369140625 0.02001953125 0.09765625
0 0.328369140625 0.38623046875 0.02197265625 0.1103515625
0 0.354736328125 0.41796875 0.04833984375 0.23828125
0 0.22119140625 0.3916015625 0.0263671875 0.130859375
0 0.246826171875 0.39208984375 0.02490234375 0.1240234375
0 0.216064453125 0.39404296875 0.02783203125 0.1376953125
0 0.2041015625 0.3955078125 0.0302734375 0.1484375
0 0.174072265625 0.38671875 0.02685546875 0.1328125
0 0.177001953125 0.39111328125 0.02880859375 0.1435546875
0 0.13720703125 0.3896484375 0.0263671875 0.130859375
0 0.101318359375 0.39111328125 0.02197265625 0.1083984375
0 0.140869140625 0.40087890625 0.03173828125 0.1572265625
0 0.1142578125 0.3984375 0.0341796875 0.16796875
0 0.054443359375 0.41015625 0.03564453125 0.173828125
0 0.4228515625 0.32177734375 0.0048828125 0.0263671875
0 0.0703125 0.4169921875 0.0322265625 0.158203125
