0 0.962158203125 0.35791015625 0.00439453125 0.0244140625
0 0.96630859375 0.35888671875 0.0048828125 0.0263671875
0 0.665771484375 0.36669921875 0.00537109375 0.0263671875
0 0.6572265625 0.37353515625 0.0087890625 0.0439453125
0 0.648193359375 0.37255859375 0.00341796875 0.0185546875
0 0.653076171875 0.3740234375 0.00927734375 0.044921875
0 0.627197265625 0.375 0.01025390625 0.05078125
0 0.6181640625 0.37646484375 0.0087890625 0.0419921875
0 0.625732421875 0.37841796875 0.00927734375 0.0458984375
0 0.621826171875 0.37646484375 0.01025390625 0.0517578125
0 0.575439453125 0.3525390625 0.00439453125 0.0234375
0 0.57080078125 0.34912109375 0.005859375 0.0283203125
0 0.56640625 0.34716796875 0.0048828125 0.0244140625
0 0.561279296875 0.34814453125 0.00634765625 0.0322265625
0 0.5673828125 0.3662109375 0.0068359375 0.03515625
0 0.57275390625 0.38330078125 0.009765625 0.0478515625
0 0.529541015625 0.3466796875 0.00830078125 0.041015625
0 0.53564453125 0.3486328125 0.0078125 0.0390625
0 0.493408203125 0.34716796875 0.00634765625 0.0322265625
0 0.50390625 0.3466796875 0.0068359375 0.03515625
0 0.51123046875 0.34912109375 0.0068359375 0.0322265625
0 0.513916015625 0.345703125 0.00732421875 0.037109375
0 0.517822265625 0.34619140625 0.00830078125 0.0419921875
0 0.50634765625 0.35107421875 0.0078125 0.0380859375
0 0.497802734375 0.34765625 0.00732421875 0.037109375
0 0.454345703125 0.3466796875 0.00732421875 0.037109375
0 0.4609375 0.34375 0.0087890625 0.044921875
0 0.467529296875 0.34619140625 0.00732421875 0.0380859375
0 0.47314453125 0.3447265625 0.0087890625 0.044921875
0 0.48046875 0.34912109375 0.0068359375 0.0341796875
0 0.398193359375 0.34521484375 0.00927734375 0.0478515625
0 0.39111328125 0.34765625 0.0087890625 0.046875
0 0.41162109375 0.34912109375 0.009765625 0.0478515625
0 0.407470703125 0.341796875 0.00927734375 0.046875
0 0.40087890625 0.349609375 0.009765625 0.048828125
0 0.405517578125 0.34912109375 0.00927734375 0.0478515625
0 0.427734375 0.3486328125 0.005859375 0.03125
0 0.424072265625 0.34912109375 0.00830078125 0.0400390625
0 0.416748046875 0.3427734375 0.00830078125 0.041015625
0 0.433349609375 0.34423828125 0.00732421875 0.0361328125
0 0.4521484375 0.3427734375 0.0078125 0.0390625
0 0.4365234375 0.34521484375 0.0068359375 0.0341796875
0 0.444091796875 0.349609375 0.00927734375 0.046875
0 0.367919921875 0.34033203125 0.01220703125 0.0595703125
0 0.352294921875 0.349609375 0.00732421875 0.037109375
0 0.356689453125 0.33984375 0.01123046875 0.0546875
0 0.368408203125 0.34423828125 0.00927734375 0.0478515625
0 0.4658203125 0.3828125 0.009765625 0.048828125
0 0.472900390625 0.38720703125 0.01123046875 0.0556640625
0 0.41650390625 0.37890625 0.0087890625 0.044921875
0 0.422607421875 0.3798828125 0.00927734375 0.044921875
0 0.436279296875 0.38427734375 0.00927734375 0.0478515625
0 0.426513671875 0.3857421875 0.01025390625 0.052734375
0 0.449951171875 0.38427734375 0.01025390625 0.0517578125
0 0.407470703125 0.39599609375 0.01123046875 0.0556640625
0 0.4140625 0.39111328125 0.0126953125 0.0634765625
0 0.3408203125 0.345703125 0.0078125 0.0390625
0 0.325927734375 0.34375 0.00927734375 0.048828125
0 0.32958984375 0.34765625 0.0078125 0.0390625
0 0.321044921875 0.34130859375 0.01123046875 0.0556640625
0 0.29345703125 0.33984375 0.0107421875 0.0546875
0 0.29833984375 0.341796875 0.0107421875 0.052734375
0 0.179931640625 0.33642578125 0.01318359375 0.0654296875
0 0.205322265625 0.34814453125 0.00927734375 0.0458984375
0 0.214599609375 0.3486328125 0.00927734375 0.046875
0 0.208740234375 0.3486328125 0.00927734375 0.044921875
0 0.245849609375 0.34912109375 0.00830078125 0.0439453125
0 0.267333984375 0.34814453125 0.00830078125 0.0419921875
0 0.251220703125 0.34765625 0.00927734375 0.044921875
0 0.259521484375 0.34375 0.01123046875 0.056640625
0 0.22509765625 0.3486328125 0.009765625 0.046875
0 0.235595703125 0.34521484375 0.01025390625 0.0517578125
0 0.23193359375 0.34716796875 0.0107421875 0.0537109375
0 0.2412109375 0.3466796875 0.0107421875 0.0546875
0 0.2001953125 0.34619140625 0.0107421875 0.0517578125
0 0.19384765625 0.34521484375 0.0087890625 0.0458984375
0 0.189697265625 0.3408203125 0.01220703125 0.060546875
0 0.153076171875 0.34033203125 0.01123046875 0.0556640625
0 0.14404296875 0.33447265625 0.0126953125 0.0634765625
0 0.089599609375 0.34619140625 0.01025390625 0.0537109375
0 0.060546875 0.33642578125 0.0146484375 0.0732421875
0 0.0751953125 0.35888671875 0.0107421875 0.0537109375
0 0.0517578125 0.32421875 0.0146484375 0.07421875
0 0.031982421875 0.3359375 0.01025390625 0.052734375
0 0.039306640625 0.326171875 0.01318359375 0.06640625
0 0.011474609375 0.32275390625 0.01318359375 0.0654296875
0 0.01904296875 0.32080078125 0.0146484375 0.0732421875
0 0.023681640625 0.32373046875 0.01416015625 0.0693359375
0 0.57421875 0.384765625 0.01171875 0.05859375
0 0.555908203125 0.37451171875 0.00927734375 0.0458984375
0 0.067138671875 0.4033203125 0.01611328125 0.080078125
0 0.072021484375 0.39990234375 0.01904296875 0.0947265625
0 0.632080078125 0.36083984375 0.00537109375 0.0263671875
