0 0.610107421875 0.37939453125 0.01123046875 0.0556640625
0 0.597900390625 0.3818359375 0.00830078125 0.04296875
0 0.60498046875 0.380859375 0.009765625 0.048828125
0 0.6005859375 0.38037109375 0.009765625 0.0498046875
0 0.617919921875 0.38134765625 0.01025390625 0.0517578125
0 0.216796875 0.41162109375 0.025390625 0.1259765625
0 0.2431640625 0.41064453125 0.025390625 0.1259765625
0 0.259765625 0.41259765625 0.0244140625 0.1201171875
0 0.18603515625 0.4033203125 0.03125 0.154296875
0 0.15087890625 0.41064453125 0.03125 0.1533203125
0 0.092529296875 0.46044921875 0.06298828125 0.3095703125
0 0.081298828125 0.46044921875 0.07470703125 0.3662109375
