0 0.4443359375 0.36572265625 0.0068359375 0.0361328125
0 0.5263671875 0.36572265625 0.0107421875 0.0537109375
0 0.413818359375 0.3701171875 0.00634765625 0.033203125
0 0.29248046875 0.39013671875 0.0107421875 0.0537109375
0 0.253173828125 0.376953125 0.00537109375 0.02734375
0 0.2646484375 0.3818359375 0.0048828125 0.025390625
0 0.283447265625 0.38818359375 0.01318359375 0.0654296875
0 0.217529296875 0.39501953125 0.01220703125 0.0615234375
0 0.0556640625 0.39697265625 0.0126953125 0.0634765625
0 0.0615234375 0.39599609375 0.013671875 0.0673828125
0 0.046142578125 0.39501953125 0.01123046875 0.0556640625
0 0.02783203125 0.40185546875 0.009765625 0.0498046875
