0 0.546142578125 0.12939453125 0.00927734375 0.0478515625
0 0.5126953125 0.14599609375 0.009765625 0.0498046875
0 0.394287109375 0.26806640625 0.01025390625 0.0517578125
0 0.515625 0.1494140625 0.0078125 0.041015625
0 0.404296875 0.26513671875 0.01171875 0.0576171875
0 0.4765625 0.1953125 0.0087890625 0.044921875
0 0.483154296875 0.1982421875 0.00830078125 0.041015625
0 0.44921875 0.20654296875 0.0087890625 0.0439453125
0 0.456298828125 0.20947265625 0.00830078125 0.0419921875
0 0.262451171875 0.41162109375 0.01611328125 0.0791015625
0 0.3388671875 0.42333984375 0.03125 0.1552734375
0 0.277099609375 0.41552734375 0.01513671875 0.0751953125
0 0.408203125 0.42578125 0.0283203125 0.140625
0 0.478271484375 0.4033203125 0.01708984375 0.0859375
0 0.390625 0.419921875 0.029296875 0.142578125
0 0.397216796875 0.42822265625 0.03076171875 0.1533203125
0 0.4287109375 0.4267578125 0.0322265625 0.15625
0 0.411865234375 0.42822265625 0.03369140625 0.1669921875
0 0.434814453125 0.4228515625 0.03369140625 0.166015625
0 0.46875 0.43408203125 0.0283203125 0.1396484375
0 0.458740234375 0.4267578125 0.03466796875 0.171875
0 0.49462890625 0.423828125 0.0302734375 0.150390625
0 0.365966796875 0.43115234375 0.03076171875 0.1513671875
0 0.543212890625 0.42041015625 0.03857421875 0.1884765625
