0 0.36572265625 0.40673828125 0.01171875 0.0595703125
0 0.3876953125 0.41015625 0.013671875 0.068359375
0 0.320068359375 0.42138671875 0.01708984375 0.0849609375
0 0.313232421875 0.42626953125 0.01611328125 0.0810546875
0 0.614990234375 0.38525390625 0.00634765625 0.0322265625
0 0.6259765625 0.39404296875 0.0107421875 0.0537109375
0 0.63818359375 0.3935546875 0.0107421875 0.0546875
0 0.715087890625 0.4091796875 0.01904296875 0.095703125
0 0.739990234375 0.40283203125 0.01708984375 0.0830078125
0 0.750244140625 0.40185546875 0.01806640625 0.0869140625
0 0.76025390625 0.390625 0.0205078125 0.099609375
0 0.7734375 0.4052734375 0.0224609375 0.111328125
0 0.765625 0.423828125 0.0361328125 0.177734375
0 0.786865234375 0.42041015625 0.03759765625 0.1845703125
0 0.831298828125 0.4189453125 0.03955078125 0.1953125
0 0.817138671875 0.41650390625 0.04248046875 0.2099609375
0 0.8759765625 0.40380859375 0.04296875 0.2119140625
0 0.90625 0.4140625 0.0322265625 0.158203125
0 0.9150390625 0.41357421875 0.0341796875 0.1689453125
0 0.978515625 0.4111328125 0.0400390625 0.197265625
0 0.85205078125 0.4365234375 0.0478515625 0.234375
0 0.25244140625 0.42333984375 0.013671875 0.0693359375
0 0.129150390625 0.43212890625 0.05712890625 0.2802734375
