0 0.3349609375 0.40185546875 0.005859375 0.0283203125
0 0.529052734375 0.40283203125 0.00341796875 0.0185546875
0 0.535888671875 0.40185546875 0.00439453125 0.0244140625
0 0.61083984375 0.396484375 0.0087890625 0.044921875
0 0.60888671875 0.3994140625 0.009765625 0.048828125
0 0.624755859375 0.39697265625 0.00927734375 0.0478515625
0 0.617919921875 0.40087890625 0.01123046875 0.0556640625
0 0.62939453125 0.39892578125 0.01171875 0.0576171875
0 0.643310546875 0.396484375 0.01123046875 0.056640625
0 0.638671875 0.396484375 0.0107421875 0.052734375
0 0.6572265625 0.392578125 0.0166015625 0.08203125
0 0.685546875 0.39013671875 0.017578125 0.0888671875
0 0.668212890625 0.40625 0.02685546875 0.130859375
0 0.6826171875 0.43798828125 0.03125 0.1533203125
0 0.705322265625 0.44287109375 0.02978515625 0.1474609375
0 0.720703125 0.43603515625 0.03125 0.1552734375
0 0.751708984375 0.42236328125 0.03564453125 0.1748046875
0 0.77099609375 0.42626953125 0.033203125 0.1630859375
0 0.747314453125 0.431640625 0.03271484375 0.16015625
0 0.810302734375 0.39111328125 0.03466796875 0.1708984375
0 0.81005859375 0.41748046875 0.0439453125 0.2177734375
0 0.826904296875 0.42138671875 0.05419921875 0.2666015625
0 0.777099609375 0.43994140625 0.03857421875 0.1904296875
0 0.93408203125 0.3916015625 0.029296875 0.14453125
0 0.765625 0.45263671875 0.0380859375 0.1884765625
0 0.34423828125 0.4091796875 0.0048828125 0.025390625
0 0.593017578125 0.39599609375 0.00732421875 0.0361328125
