0 0.2705078125 0.3935546875 0.005859375 0.029296875
0 0.260009765625 0.39453125 0.00634765625 0.03125
0 0.263671875 0.39404296875 0.0068359375 0.0341796875
0 0.643798828125 0.4130859375 0.00732421875 0.037109375
0 0.62646484375 0.40576171875 0.013671875 0.0654296875
0 0.6201171875 0.4013671875 0.0146484375 0.072265625
0 0.66943359375 0.41064453125 0.0107421875 0.0537109375
0 0.674560546875 0.40771484375 0.01123046875 0.0576171875
0 0.749267578125 0.400390625 0.02294921875 0.11328125
0 0.735595703125 0.396484375 0.02197265625 0.109375
0 0.78955078125 0.40087890625 0.0205078125 0.1005859375
0 0.808837890625 0.41015625 0.02587890625 0.12890625
0 0.79736328125 0.4091796875 0.0302734375 0.1484375
0 0.8408203125 0.408203125 0.025390625 0.125
0 0.8525390625 0.41064453125 0.025390625 0.1259765625
0 0.83642578125 0.40771484375 0.0283203125 0.1376953125
