0 0.369873046875 0.21435546875 0.00146484375 0.0087890625
0 0.3740234375 0.2138671875 0.0009765625 0.0078125
0 0.378173828125 0.21484375 0.00146484375 0.009765625
0 0.383056640625 0.21435546875 0.00146484375 0.0107421875
0 0.14501953125 0.38720703125 0.00390625 0.0185546875
0 0.1494140625 0.38671875 0.00390625 0.01953125
0 0.157958984375 0.38671875 0.00537109375 0.029296875
0 0.24609375 0.1728515625 0.0029296875 0.015625
0 0.25 0.171875 0.0029296875 0.015625
0 0.2548828125 0.1728515625 0.0029296875 0.015625
0 0.277099609375 0.2353515625 0.00341796875 0.01953125
0 0.384765625 0.30908203125 0.00390625 0.0205078125
0 0.396240234375 0.3017578125 0.00341796875 0.01953125
0 0.400634765625 0.30126953125 0.00341796875 0.0185546875
0 0.388427734375 0.310546875 0.00341796875 0.017578125
0 0.581298828125 0.27880859375 0.00341796875 0.0185546875
0 0.444580078125 0.3037109375 0.00244140625 0.013671875
0 0.447265625 0.30029296875 0.00390625 0.0205078125
0 0.45068359375 0.2978515625 0.0048828125 0.025390625
0 0.46728515625 0.29833984375 0.00390625 0.0205078125
0 0.4775390625 0.2958984375 0.00390625 0.01953125
0 0.484130859375 0.296875 0.00341796875 0.01953125
0 0.53759765625 0.28564453125 0.0048828125 0.0244140625
0 0.52587890625 0.287109375 0.0048828125 0.0234375
0 0.519775390625 0.287109375 0.00439453125 0.0234375
0 0.509521484375 0.2890625 0.00439453125 0.0234375
0 0.497802734375 0.2919921875 0.00439453125 0.0234375
0 0.5 0.29248046875 0.00390625 0.0205078125
0 0.488037109375 0.29443359375 0.00341796875 0.0185546875
0 0.493408203125 0.29443359375 0.00341796875 0.0166015625
0 0.332275390625 0.37890625 0.00732421875 0.03515625
0 0.32421875 0.37890625 0.0068359375 0.03515625
0 0.315185546875 0.37744140625 0.00537109375 0.0283203125
0 0.318115234375 0.37939453125 0.00537109375 0.0263671875
0 0.30517578125 0.3828125 0.005859375 0.029296875
0 0.288330078125 0.3818359375 0.00634765625 0.033203125
0 0.28564453125 0.38232421875 0.005859375 0.0302734375
0 0.271484375 0.38330078125 0.0048828125 0.0263671875
0 0.28125 0.38134765625 0.005859375 0.0302734375
0 0.212646484375 0.38818359375 0.00732421875 0.0380859375
0 0.2412109375 0.3896484375 0.0078125 0.0390625
0 0.251953125 0.388671875 0.0068359375 0.03515625
0 0.257080078125 0.39013671875 0.00732421875 0.0380859375
0 0.24658203125 0.38916015625 0.0078125 0.0400390625
0 0.224365234375 0.3857421875 0.00634765625 0.033203125
0 0.22998046875 0.39111328125 0.0078125 0.0380859375
0 0.204833984375 0.3994140625 0.00537109375 0.02734375
0 0.198486328125 0.39404296875 0.00830078125 0.0400390625
0 0.19091796875 0.39697265625 0.0087890625 0.0439453125
0 0.182373046875 0.4013671875 0.00830078125 0.041015625
0 0.111083984375 0.390625 0.00732421875 0.03515625
0 0.11865234375 0.39501953125 0.0087890625 0.0458984375
0 0.23681640625 0.40185546875 0.009765625 0.0498046875
0 0.01953125 0.447265625 0.0341796875 0.169921875
0 0.015625 0.45361328125 0.03125 0.1689453125
0 0.5888671875 0.35498046875 0.009765625 0.0498046875
0 0.599853515625 0.35888671875 0.01220703125 0.0615234375
0 0.694091796875 0.34228515625 0.00537109375 0.0283203125
0 0.689453125 0.34130859375 0.0048828125 0.0263671875
0 0.689697265625 0.35693359375 0.00830078125 0.0419921875
0 0.67919921875 0.35498046875 0.0087890625 0.0439453125
0 0.6826171875 0.35302734375 0.0087890625 0.0439453125
0 0.6591796875 0.34765625 0.0048828125 0.025390625
0 0.666259765625 0.34814453125 0.00634765625 0.0322265625
0 0.66162109375 0.34765625 0.005859375 0.029296875
0 0.67041015625 0.349609375 0.0068359375 0.03515625
0 0.677001953125 0.3603515625 0.01123046875 0.0546875
0 0.61328125 0.35986328125 0.0078125 0.0380859375
0 0.711669921875 0.3701171875 0.02001953125 0.09765625
0 0.709716796875 0.3720703125 0.02490234375 0.123046875
0 0.73876953125 0.3720703125 0.025390625 0.126953125
0 0.840087890625 0.36376953125 0.04248046875 0.2080078125
0 0.79736328125 0.37255859375 0.0400390625 0.1962890625
0 0.864501953125 0.369140625 0.04833984375 0.23828125
0 0.82666015625 0.3642578125 0.0498046875 0.2421875
0 0.276611328125 0.38525390625 0.00537109375 0.0263671875
