0 0.382568359375 0.34228515625 0.00439453125 0.0224609375
0 0.369873046875 0.34423828125 0.00341796875 0.0185546875
0 0.362548828125 0.34716796875 0.00439453125 0.0224609375
0 0.263671875 0.34228515625 0.005859375 0.0302734375
0 0.2578125 0.3408203125 0.005859375 0.029296875
0 0.61328125 0.33984375 0.0068359375 0.03515625
0 0.603515625 0.3388671875 0.0068359375 0.03515625
0 0.61962890625 0.337890625 0.0068359375 0.033203125
0 0.72119140625 0.37548828125 0.0166015625 0.0810546875
0 0.736572265625 0.37451171875 0.01416015625 0.0693359375
0 0.75439453125 0.37939453125 0.0146484375 0.0732421875
0 0.937255859375 0.41650390625 0.01416015625 0.0712890625
