0 0.50439453125 0.37890625 0.0068359375 0.033203125
0 0.651123046875 0.373046875 0.00634765625 0.03125
0 0.6552734375 0.3759765625 0.0048828125 0.025390625
0 0.642578125 0.39697265625 0.0244140625 0.1220703125
0 0.534423828125 0.40087890625 0.02587890625 0.1279296875
0 0.5400390625 0.3994140625 0.0283203125 0.140625
0 0.54541015625 0.3984375 0.033203125 0.1640625
0 0.58740234375 0.400390625 0.02734375 0.134765625
0 0.57568359375 0.39404296875 0.0322265625 0.1572265625
0 0.560546875 0.3984375 0.0341796875 0.16796875
0 0.419189453125 0.3984375 0.02587890625 0.12890625
0 0.42529296875 0.404296875 0.0244140625 0.12109375
0 0.4453125 0.42626953125 0.01953125 0.0966796875
0 0.432373046875 0.39892578125 0.03076171875 0.1513671875
0 0.383544921875 0.4013671875 0.02490234375 0.12109375
0 0.322265625 0.39697265625 0.0244140625 0.1181640625
0 0.064697265625 0.39599609375 0.01025390625 0.0498046875
0 0.21630859375 0.41064453125 0.02734375 0.1357421875
0 0.218505859375 0.4169921875 0.02587890625 0.126953125
0 0.103271484375 0.41552734375 0.02685546875 0.1318359375
0 0.018310546875 0.42236328125 0.02978515625 0.1474609375
0 0.6728515625 0.39990234375 0.0322265625 0.1572265625
0 0.4873046875 0.404296875 0.03125 0.154296875
