0 0.008056640625 0.373046875 0.01611328125 0.09765625
0 0.773193359375 0.4208984375 0.03759765625 0.18359375
0 0.55712890625 0.36572265625 0.00390625 0.0224609375
0 0.547607421875 0.37744140625 0.00927734375 0.0478515625
0 0.459716796875 0.3779296875 0.00927734375 0.046875
0 0.44921875 0.37744140625 0.009765625 0.0478515625
0 0.611328125 0.3798828125 0.0087890625 0.044921875
0 0.59326171875 0.3759765625 0.009765625 0.05078125
0 0.60546875 0.380859375 0.009765625 0.048828125
0 0.56689453125 0.37548828125 0.0087890625 0.0439453125
