0 0.35546875 0.40576171875 0.0048828125 0.0263671875
0 0.35009765625 0.40478515625 0.0048828125 0.0263671875
0 0.366455078125 0.40771484375 0.00537109375 0.0263671875
0 0.33154296875 0.41015625 0.009765625 0.048828125
0 0.3388671875 0.4091796875 0.0146484375 0.072265625
0 0.29345703125 0.408203125 0.0146484375 0.072265625
0 0.3056640625 0.40625 0.013671875 0.0703125
0 0.314453125 0.4287109375 0.017578125 0.087890625
0 0.322265625 0.4296875 0.017578125 0.0859375
0 0.337646484375 0.427734375 0.01806640625 0.08984375
0 0.488525390625 0.43798828125 0.01904296875 0.0927734375
0 0.546875 0.431640625 0.0126953125 0.0625
0 0.554443359375 0.43798828125 0.01904296875 0.0927734375
0 0.626708984375 0.408203125 0.00634765625 0.03125
0 0.619140625 0.43603515625 0.0185546875 0.0927734375
0 0.64013671875 0.43603515625 0.0205078125 0.0986328125
0 0.656494140625 0.40966796875 0.01123046875 0.0576171875
0 0.28857421875 0.4228515625 0.01953125 0.09765625
0 0.59716796875 0.42333984375 0.0146484375 0.0732421875
