0 0.62109375 0.38623046875 0.009765625 0.0498046875
0 0.660400390625 0.3779296875 0.00830078125 0.041015625
0 0.6630859375 0.38427734375 0.009765625 0.0498046875
0 0.669677734375 0.3828125 0.01220703125 0.0625
0 0.65625 0.3876953125 0.015625 0.078125
0 0.671630859375 0.3857421875 0.01416015625 0.0703125
0 0.689453125 0.38330078125 0.01171875 0.0595703125
0 0.716064453125 0.38427734375 0.01416015625 0.0712890625
0 0.706298828125 0.3896484375 0.01708984375 0.0859375
0 0.7265625 0.38232421875 0.0166015625 0.0810546875
0 0.78173828125 0.373046875 0.0146484375 0.072265625
0 0.834228515625 0.37841796875 0.02685546875 0.1318359375
0 0.920166015625 0.390625 0.03271484375 0.162109375
0 0.750732421875 0.390625 0.03271484375 0.16015625
0 0.75439453125 0.4130859375 0.0361328125 0.177734375
0 0.7353515625 0.431640625 0.02734375 0.13671875
0 0.745361328125 0.43701171875 0.02783203125 0.1376953125
0 0.984619140625 0.42041015625 0.02978515625 0.2333984375
0 0.24755859375 0.4072265625 0.0078125 0.041015625
0 0.159423828125 0.41943359375 0.01025390625 0.0498046875
0 0.703369140625 0.404296875 0.03076171875 0.15234375
