0 0.87109375 0.3701171875 0.0126953125 0.0625
0 0.915771484375 0.35302734375 0.01611328125 0.0810546875
0 0.896728515625 0.35791015625 0.01611328125 0.0791015625
0 0.882080078125 0.408203125 0.02685546875 0.134765625
0 0.28662109375 0.392578125 0.0068359375 0.033203125
0 0.72705078125 0.3798828125 0.0087890625 0.044921875
0 0.664306640625 0.3681640625 0.00732421875 0.037109375
0 0.630615234375 0.353515625 0.00439453125 0.0234375
0 0.653564453125 0.361328125 0.00439453125 0.021484375
0 0.657958984375 0.3623046875 0.00439453125 0.021484375
0 0.61962890625 0.3642578125 0.0068359375 0.03515625
0 0.538330078125 0.40966796875 0.02294921875 0.1123046875
0 0.564208984375 0.4052734375 0.02197265625 0.109375
0 0.5751953125 0.40234375 0.0263671875 0.130859375
0 0.473876953125 0.40087890625 0.00439453125 0.0224609375
0 0.603271484375 0.41064453125 0.02099609375 0.1044921875
0 0.617431640625 0.41162109375 0.02001953125 0.0986328125
0 0.63916015625 0.40625 0.0234375 0.1171875
0 0.614501953125 0.43359375 0.01318359375 0.064453125
0 0.625244140625 0.40380859375 0.02197265625 0.1103515625
0 0.828857421875 0.3798828125 0.00927734375 0.046875
0 0.837890625 0.37646484375 0.0107421875 0.0556640625
0 0.81884765625 0.37353515625 0.01171875 0.0595703125
0 0.79345703125 0.38134765625 0.0087890625 0.0439453125
0 0.78662109375 0.37646484375 0.0107421875 0.0537109375
0 0.78076171875 0.3720703125 0.0126953125 0.0625
0 0.80224609375 0.36962890625 0.013671875 0.0693359375
0 0.80078125 0.373046875 0.0126953125 0.0625
0 0.819580078125 0.3701171875 0.01318359375 0.06640625
0 0.810546875 0.36865234375 0.013671875 0.0673828125
0 0.84765625 0.37939453125 0.009765625 0.0498046875
0 0.6767578125 0.36865234375 0.0078125 0.0380859375
0 0.854736328125 0.369140625 0.01416015625 0.0703125
0 0.86572265625 0.3671875 0.0146484375 0.072265625
0 0.671630859375 0.40869140625 0.02294921875 0.1123046875
0 0.683349609375 0.3671875 0.01220703125 0.060546875
0 0.68212890625 0.4013671875 0.017578125 0.087890625
0 0.67626953125 0.41064453125 0.021484375 0.1044921875
0 0.697265625 0.3564453125 0.0087890625 0.044921875
0 0.703369140625 0.35498046875 0.01025390625 0.0517578125
0 0.7158203125 0.3603515625 0.0087890625 0.04296875
0 0.7099609375 0.36328125 0.0107421875 0.0546875
0 0.714599609375 0.40576171875 0.02392578125 0.1162109375
0 0.7041015625 0.40625 0.0234375 0.115234375
0 0.694091796875 0.39990234375 0.02197265625 0.1064453125
0 0.649658203125 0.35498046875 0.00439453125 0.0224609375
0 0.671875 0.35546875 0.00390625 0.01953125
