0 0.040283203125 0.41455078125 0.00341796875 0.0166015625
0 0.034423828125 0.41455078125 0.00341796875 0.0185546875
0 0.332275390625 0.40234375 0.01123046875 0.0546875
0 0.3466796875 0.40478515625 0.01171875 0.0576171875
0 0.36328125 0.40625 0.0126953125 0.0625
0 0.372802734375 0.408203125 0.01123046875 0.0546875
0 0.378173828125 0.40576171875 0.01220703125 0.0615234375
0 0.38330078125 0.40576171875 0.0107421875 0.0556640625
0 0.66455078125 0.4052734375 0.029296875 0.14453125
0 0.6494140625 0.408203125 0.0283203125 0.138671875
0 0.693603515625 0.41015625 0.01611328125 0.078125
0 0.800537109375 0.41357421875 0.00830078125 0.0400390625
0 0.848388671875 0.416015625 0.00439453125 0.0234375
0 0.937255859375 0.41845703125 0.00537109375 0.0283203125
0 0.950439453125 0.4169921875 0.00634765625 0.033203125
0 0.8857421875 0.4033203125 0.0068359375 0.033203125
