0 0.0390625 0.40234375 0.0234375 0.115234375
0 0.050048828125 0.3994140625 0.02587890625 0.126953125
0 0.01220703125 0.40380859375 0.0234375 0.1162109375
0 0.099853515625 0.40869140625 0.02099609375 0.1044921875
0 0.361572265625 0.4111328125 0.02294921875 0.111328125
0 0.449462890625 0.4033203125 0.02099609375 0.103515625
0 0.474609375 0.40966796875 0.0205078125 0.1025390625
0 0.482421875 0.40966796875 0.0234375 0.1162109375
0 0.502685546875 0.41650390625 0.02197265625 0.1083984375
0 0.516845703125 0.4111328125 0.02392578125 0.119140625
0 0.57861328125 0.4140625 0.0234375 0.115234375
0 0.572021484375 0.42138671875 0.02099609375 0.1025390625
0 0.57763671875 0.43359375 0.01953125 0.095703125
0 0.593505859375 0.42431640625 0.01708984375 0.0830078125
0 0.609619140625 0.423828125 0.02099609375 0.103515625
0 0.562255859375 0.419921875 0.02490234375 0.123046875
0 0.5986328125 0.41845703125 0.0234375 0.1162109375
0 0.617919921875 0.42822265625 0.02392578125 0.1181640625
0 0.644775390625 0.42919921875 0.02001953125 0.0986328125
0 0.651123046875 0.4287109375 0.02294921875 0.115234375
0 0.666015625 0.42578125 0.021484375 0.10546875
0 0.73681640625 0.43212890625 0.0048828125 0.0244140625
0 0.736572265625 0.42822265625 0.00732421875 0.0361328125
0 0.728759765625 0.42919921875 0.01904296875 0.0927734375
0 0.751708984375 0.443359375 0.01416015625 0.0703125
0 0.391845703125 0.4150390625 0.02392578125 0.119140625
0 0.3701171875 0.41357421875 0.00390625 0.0205078125
0 0.671630859375 0.42333984375 0.03466796875 0.1689453125
0 0.781494140625 0.44091796875 0.01025390625 0.0517578125
0 0.776123046875 0.43994140625 0.01220703125 0.0615234375
0 0.765625 0.4462890625 0.0126953125 0.064453125
0 0.76806640625 0.44482421875 0.013671875 0.0693359375
0 0.794677734375 0.43994140625 0.01123046875 0.0576171875
0 0.7880859375 0.4404296875 0.01171875 0.056640625
0 0.8046875 0.44091796875 0.01171875 0.0595703125
0 0.81494140625 0.43994140625 0.01171875 0.0595703125
0 0.805419921875 0.447265625 0.01318359375 0.064453125
0 0.81884765625 0.4541015625 0.013671875 0.06640625
0 0.889892578125 0.45068359375 0.01513671875 0.0751953125
0 0.874755859375 0.44970703125 0.01708984375 0.0830078125
0 0.902587890625 0.43359375 0.04150390625 0.203125
0 0.864990234375 0.443359375 0.03662109375 0.1796875
0 0.345947265625 0.4111328125 0.02587890625 0.126953125
