0 0.650634765625 0.373046875 0.01025390625 0.05078125
0 0.658447265625 0.3759765625 0.00927734375 0.046875
0 0.666748046875 0.36376953125 0.01123046875 0.0556640625
0 0.6650390625 0.3701171875 0.01171875 0.05859375
0 0.603759765625 0.36962890625 0.01318359375 0.0654296875
0 0.5712890625 0.3671875 0.013671875 0.068359375
0 0.555419921875 0.38916015625 0.03857421875 0.1884765625
0 0.586669921875 0.38623046875 0.04345703125 0.2138671875
0 0.619873046875 0.3896484375 0.03857421875 0.189453125
0 0.6904296875 0.375 0.0390625 0.19140625
0 0.71923828125 0.37744140625 0.0400390625 0.1982421875
0 0.864990234375 0.37744140625 0.03955078125 0.1943359375
0 0.884765625 0.38037109375 0.0400390625 0.1962890625
0 0.453857421875 0.380859375 0.02685546875 0.1328125
0 0.441162109375 0.37158203125 0.03076171875 0.1513671875
0 0.427001953125 0.3798828125 0.03076171875 0.150390625
0 0.4580078125 0.369140625 0.03515625 0.171875
0 0.380859375 0.380859375 0.029296875 0.14453125
0 0.401123046875 0.37451171875 0.03076171875 0.1533203125
0 0.169677734375 0.3916015625 0.01025390625 0.052734375
0 0.1826171875 0.3896484375 0.01171875 0.056640625
0 0.06689453125 0.39453125 0.0107421875 0.0546875
0 0.0302734375 0.39501953125 0.0107421875 0.0537109375
0 0.038330078125 0.396484375 0.01025390625 0.05078125
