0 0.069580078125 0.373046875 0.01220703125 0.060546875
0 0.0537109375 0.36767578125 0.01171875 0.0576171875
0 0.084228515625 0.3720703125 0.01220703125 0.060546875
0 0.224609375 0.37841796875 0.01171875 0.0576171875
0 0.22314453125 0.3779296875 0.013671875 0.068359375
0 0.9833984375 0.267578125 0.0322265625 0.1640625
0 0.939453125 0.2666015625 0.0341796875 0.169921875
0 0.984375 0.392578125 0.0302734375 0.296875
0 0.75537109375 0.3876953125 0.03515625 0.171875
0 0.73779296875 0.4052734375 0.0322265625 0.16015625
0 0.780517578125 0.384765625 0.04345703125 0.212890625
0 0.545166015625 0.37353515625 0.01220703125 0.0615234375
0 0.537841796875 0.37890625 0.01123046875 0.056640625
0 0.54150390625 0.37255859375 0.013671875 0.0693359375
0 0.525390625 0.37890625 0.01171875 0.05859375
0 0.57568359375 0.34765625 0.0048828125 0.025390625
0 0.584716796875 0.3662109375 0.00927734375 0.048828125
0 0.599365234375 0.34423828125 0.00439453125 0.0205078125
0 0.577392578125 0.38232421875 0.01318359375 0.0654296875
0 0.609619140625 0.36962890625 0.01416015625 0.0712890625
0 0.617919921875 0.37060546875 0.01611328125 0.0791015625
0 0.59375 0.380859375 0.0205078125 0.099609375
0 0.642333984375 0.36962890625 0.01611328125 0.0791015625
0 0.6328125 0.37548828125 0.021484375 0.1044921875
0 0.618408203125 0.388671875 0.02197265625 0.109375
0 0.6044921875 0.3896484375 0.0244140625 0.119140625
0 0.62646484375 0.38916015625 0.0234375 0.1142578125
0 0.652587890625 0.38525390625 0.02294921875 0.1123046875
0 0.6748046875 0.37939453125 0.0244140625 0.1201171875
0 0.65087890625 0.404296875 0.0185546875 0.09375
0 0.48291015625 0.376953125 0.01171875 0.05859375
0 0.3623046875 0.3701171875 0.013671875 0.06640625
