0 0.289794921875 0.4326171875 0.03369140625 0.166015625
0 0.21923828125 0.4033203125 0.0068359375 0.037109375
0 0.282958984375 0.43603515625 0.03271484375 0.1611328125
0 0.380615234375 0.38427734375 0.01416015625 0.0712890625
0 0.70361328125 0.16357421875 0.017578125 0.0869140625
0 0.7353515625 0.16015625 0.015625 0.076171875
0 0.97900390625 0.09912109375 0.015625 0.0771484375
0 0.769775390625 0.4169921875 0.03662109375 0.1796875
0 0.745361328125 0.42138671875 0.03564453125 0.1767578125
0 0.71875 0.43408203125 0.041015625 0.2041015625
0 0.73486328125 0.4296875 0.044921875 0.220703125
0 0.759765625 0.4228515625 0.0439453125 0.216796875
