0 0.45556640625 0.39697265625 0.00390625 0.0185546875
0 0.2236328125 0.42431640625 0.0078125 0.0400390625
0 0.230712890625 0.43701171875 0.01025390625 0.0517578125
0 0.2177734375 0.4375 0.0126953125 0.064453125
0 0.20361328125 0.43896484375 0.0107421875 0.0537109375
0 0.195068359375 0.439453125 0.00927734375 0.046875
0 0.1904296875 0.4404296875 0.01171875 0.05859375
0 0.153564453125 0.43896484375 0.01025390625 0.0498046875
0 0.120849609375 0.43701171875 0.01025390625 0.0517578125
0 0.093017578125 0.4375 0.01123046875 0.056640625
0 0.828369140625 0.42626953125 0.00830078125 0.0400390625
0 0.36474609375 0.39990234375 0.0048828125 0.0263671875
0 0.396240234375 0.4169921875 0.00634765625 0.03125
0 0.4013671875 0.416015625 0.0068359375 0.033203125
0 0.18798828125 0.43896484375 0.01171875 0.0595703125
0 0.16162109375 0.4345703125 0.01171875 0.056640625
0 0.843994140625 0.41259765625 0.00439453125 0.0224609375
