0 0.636474609375 0.40380859375 0.01318359375 0.0654296875
0 0.43896484375 0.21875 0.0126953125 0.0625
0 0.458984375 0.22265625 0.01171875 0.060546875
0 0.48876953125 0.22509765625 0.01171875 0.0595703125
0 0.498291015625 0.22607421875 0.01220703125 0.0615234375
0 0.52490234375 0.228515625 0.01171875 0.05859375
0 0.540283203125 0.2333984375 0.01025390625 0.052734375
0 0.54833984375 0.23095703125 0.0107421875 0.0556640625
0 0.556640625 0.23583984375 0.009765625 0.0498046875
0 0.306884765625 0.20751953125 0.01318359375 0.0654296875
0 0.377685546875 0.39208984375 0.01025390625 0.0517578125
0 0.39208984375 0.384765625 0.0087890625 0.044921875
0 0.420166015625 0.38623046875 0.00341796875 0.0185546875
0 0.4560546875 0.390625 0.0068359375 0.03515625
0 0.449462890625 0.392578125 0.01025390625 0.052734375
0 0.46142578125 0.3955078125 0.009765625 0.048828125
0 0.47607421875 0.40234375 0.0126953125 0.0625
0 0.48681640625 0.400390625 0.0126953125 0.064453125
0 0.538330078125 0.41357421875 0.02587890625 0.1259765625
0 0.51708984375 0.41162109375 0.0263671875 0.1298828125
0 0.1865234375 0.3828125 0.01953125 0.09765625
0 0.24365234375 0.39501953125 0.0166015625 0.0830078125
0 0.261474609375 0.4033203125 0.02099609375 0.10546875
0 0.275146484375 0.4111328125 0.02001953125 0.099609375
0 0.74560546875 0.44580078125 0.0498046875 0.2451171875
0 0.72998046875 0.44140625 0.0537109375 0.263671875
0 0.696044921875 0.43701171875 0.05615234375 0.2744140625
