0 0.098876953125 0.44091796875 0.01416015625 0.0693359375
0 0.143310546875 0.451171875 0.01220703125 0.060546875
0 0.1533203125 0.45068359375 0.013671875 0.0693359375
0 0.188720703125 0.4462890625 0.01416015625 0.072265625
0 0.173095703125 0.451171875 0.01318359375 0.06640625
0 0.201904296875 0.4384765625 0.00927734375 0.046875
0 0.212158203125 0.4462890625 0.01025390625 0.05078125
0 0.23193359375 0.41650390625 0.0048828125 0.0263671875
0 0.235107421875 0.43359375 0.00732421875 0.037109375
0 0.421630859375 0.4072265625 0.01513671875 0.07421875
0 0.405029296875 0.408203125 0.00830078125 0.041015625
0 0.37548828125 0.416015625 0.0078125 0.0390625
0 0.365478515625 0.41943359375 0.00830078125 0.0419921875
0 0.35888671875 0.41943359375 0.0087890625 0.0439453125
0 0.344482421875 0.419921875 0.00732421875 0.037109375
0 0.3486328125 0.41845703125 0.0078125 0.0400390625
0 0.28173828125 0.41552734375 0.005859375 0.0283203125
0 0.278564453125 0.4287109375 0.00830078125 0.041015625
0 0.269775390625 0.4326171875 0.00732421875 0.0390625
0 0.275146484375 0.4306640625 0.00830078125 0.041015625
0 0.308349609375 0.43017578125 0.01025390625 0.0498046875
0 0.294921875 0.4365234375 0.009765625 0.048828125
0 0.85888671875 0.37548828125 0.044921875 0.2197265625
0 0.853271484375 0.3642578125 0.05126953125 0.251953125
0 0.564697265625 0.392578125 0.03271484375 0.162109375
0 0.5673828125 0.38037109375 0.037109375 0.1845703125
0 0.5458984375 0.392578125 0.0322265625 0.16015625
0 0.527587890625 0.423828125 0.06005859375 0.29296875
0 0.5927734375 0.4267578125 0.05859375 0.287109375
0 0.64599609375 0.3671875 0.0498046875 0.244140625
0 0.68994140625 0.37109375 0.05078125 0.25
0 0.7177734375 0.36474609375 0.0517578125 0.2548828125
0 0.7197265625 0.37744140625 0.0517578125 0.2529296875
0 0.67578125 0.392578125 0.0634765625 0.310546875
0 0.6552734375 0.41015625 0.064453125 0.31640625
0 0.786376953125 0.359375 0.05712890625 0.279296875
0 0.756591796875 0.380859375 0.05517578125 0.26953125
0 0.76806640625 0.3681640625 0.0478515625 0.234375
