0 0.40478515625 0.4091796875 0.0263671875 0.130859375
0 0.37353515625 0.4072265625 0.0244140625 0.119140625
0 0.427734375 0.4033203125 0.0283203125 0.140625
0 0.45068359375 0.40869140625 0.0263671875 0.1298828125
0 0.365234375 0.4169921875 0.029296875 0.14453125
0 0.38916015625 0.40478515625 0.0341796875 0.1669921875
0 0.16357421875 0.423828125 0.0078125 0.0390625
0 0.55615234375 0.40234375 0.0146484375 0.07421875
0 0.541748046875 0.40283203125 0.01708984375 0.0849609375
0 0.60693359375 0.41162109375 0.0078125 0.0380859375
0 0.59765625 0.40771484375 0.009765625 0.0498046875
0 0.73681640625 0.392578125 0.0107421875 0.0546875
0 0.65185546875 0.40625 0.009765625 0.048828125
0 0.5615234375 0.39892578125 0.01953125 0.0966796875
0 0.044677734375 0.41748046875 0.01318359375 0.0654296875
0 0.060546875 0.42041015625 0.01171875 0.0576171875
