0 0.3828125 0.3271484375 0.00390625 0.021484375
0 0.378662109375 0.3291015625 0.00341796875 0.017578125
0 0.37451171875 0.328125 0.0029296875 0.015625
0 0.351806640625 0.328125 0.00341796875 0.01953125
0 0.345703125 0.3291015625 0.0029296875 0.017578125
0 0.3388671875 0.3349609375 0.0078125 0.0390625
0 0.317626953125 0.33935546875 0.01025390625 0.0517578125
0 0.3232421875 0.34033203125 0.0107421875 0.0537109375
0 0.30908203125 0.34228515625 0.0107421875 0.0537109375
0 0.2939453125 0.341796875 0.0126953125 0.064453125
0 0.281982421875 0.34521484375 0.01220703125 0.0595703125
0 0.423828125 0.330078125 0.0048828125 0.0234375
0 0.427734375 0.32958984375 0.0048828125 0.0224609375
0 0.44970703125 0.326171875 0.005859375 0.03125
0 0.443359375 0.3310546875 0.00390625 0.021484375
0 0.436279296875 0.32958984375 0.00537109375 0.0283203125
0 0.43359375 0.32861328125 0.005859375 0.0322265625
0 0.475341796875 0.3310546875 0.00439453125 0.021484375
0 0.4736328125 0.33056640625 0.00390625 0.0205078125
0 0.468994140625 0.32861328125 0.00537109375 0.0283203125
0 0.460205078125 0.33203125 0.00439453125 0.0234375
0 0.48828125 0.33056640625 0.0048828125 0.0244140625
0 0.494140625 0.328125 0.005859375 0.029296875
0 0.5068359375 0.328125 0.005859375 0.029296875
0 0.5234375 0.3310546875 0.005859375 0.029296875
0 0.5361328125 0.3291015625 0.005859375 0.03125
0 0.539306640625 0.33203125 0.00732421875 0.0390625
0 0.544677734375 0.33203125 0.00732421875 0.037109375
0 0.548828125 0.3330078125 0.0087890625 0.04296875
0 0.553955078125 0.3271484375 0.00634765625 0.03125
0 0.54248046875 0.3330078125 0.0078125 0.041015625
0 0.68017578125 0.328125 0.005859375 0.03125
0 0.67578125 0.3447265625 0.0146484375 0.07421875
0 0.670166015625 0.3466796875 0.01416015625 0.0703125
0 0.55615234375 0.32080078125 0.0029296875 0.0166015625
0 0.569091796875 0.32958984375 0.00830078125 0.0419921875
0 0.5810546875 0.33056640625 0.0078125 0.0400390625
0 0.58642578125 0.33056640625 0.0078125 0.0400390625
0 0.59326171875 0.33935546875 0.0126953125 0.0615234375
0 0.587646484375 0.35107421875 0.01318359375 0.0654296875
0 0.60205078125 0.3310546875 0.0107421875 0.0546875
0 0.619873046875 0.3349609375 0.01220703125 0.060546875
0 0.610107421875 0.34765625 0.01416015625 0.072265625
0 0.633544921875 0.35888671875 0.01708984375 0.0849609375
0 0.61865234375 0.3603515625 0.0166015625 0.08203125
0 0.80859375 0.3798828125 0.0361328125 0.177734375
0 0.755126953125 0.3876953125 0.03759765625 0.18359375
0 0.730712890625 0.400390625 0.04052734375 0.19921875
0 0.782958984375 0.39453125 0.05419921875 0.265625
0 0.827392578125 0.40869140625 0.04931640625 0.2431640625
0 0.890625 0.40234375 0.0537109375 0.263671875
0 0.855224609375 0.423828125 0.05517578125 0.26953125
0 0.840087890625 0.423828125 0.05810546875 0.28515625
0 0.92724609375 0.42431640625 0.0546875 0.2685546875
0 0.9072265625 0.4208984375 0.056640625 0.27734375
0 0.976318359375 0.421875 0.04638671875 0.314453125
0 0.922607421875 0.4296875 0.06298828125 0.30859375
0 0.95703125 0.4501953125 0.076171875 0.373046875
0 0.728515625 0.40625 0.0537109375 0.263671875
0 0.51904296875 0.33349609375 0.005859375 0.0302734375
