0 0.35009765625 0.3896484375 0.01171875 0.056640625
0 0.517333984375 0.388671875 0.00537109375 0.029296875
0 0.526611328125 0.38818359375 0.00341796875 0.0185546875
0 0.476806640625 0.38720703125 0.00537109375 0.0283203125
0 0.47998046875 0.388671875 0.005859375 0.03125
0 0.333984375 0.38720703125 0.013671875 0.0673828125
0 0.339111328125 0.3857421875 0.01416015625 0.0703125
0 0.31689453125 0.3896484375 0.0146484375 0.072265625
0 0.324462890625 0.3935546875 0.01220703125 0.060546875
0 0.307373046875 0.38671875 0.01416015625 0.0703125
0 0.199951171875 0.39990234375 0.02392578125 0.1162109375
0 0.1728515625 0.39013671875 0.0224609375 0.1103515625
0 0.155517578125 0.39599609375 0.02197265625 0.1083984375
0 0.117919921875 0.3896484375 0.02294921875 0.11328125
0 0.10693359375 0.39404296875 0.0322265625 0.1572265625
0 0.080078125 0.39013671875 0.0263671875 0.1298828125
0 0.07421875 0.3955078125 0.0244140625 0.119140625
0 0.066650390625 0.39990234375 0.02197265625 0.1083984375
