0 0.590087890625 0.37451171875 0.01123046875 0.0556640625
0 0.60546875 0.37060546875 0.009765625 0.0498046875
0 0.61962890625 0.3701171875 0.0087890625 0.044921875
0 0.650634765625 0.36865234375 0.01708984375 0.0869140625
0 0.68017578125 0.35888671875 0.0087890625 0.0458984375
0 0.705810546875 0.3701171875 0.02880859375 0.140625
0 0.731689453125 0.3671875 0.02685546875 0.1328125
0 0.456298828125 0.384765625 0.00830078125 0.04296875
0 0.44873046875 0.3857421875 0.0126953125 0.0625
0 0.4267578125 0.39013671875 0.0078125 0.0400390625
0 0.41796875 0.38916015625 0.0078125 0.0400390625
0 0.39208984375 0.38330078125 0.0078125 0.0400390625
0 0.399658203125 0.388671875 0.00830078125 0.041015625
0 0.383544921875 0.38916015625 0.00830078125 0.0419921875
0 0.20751953125 0.40234375 0.01953125 0.09765625
0 0.3955078125 0.3828125 0.0078125 0.041015625
