0 0.98681640625 0.4169921875 0.025390625 0.228515625
0 0.18994140625 0.24853515625 0.0029296875 0.0166015625
0 0.92138671875 0.42578125 0.0419921875 0.20703125
0 0.94384765625 0.42724609375 0.041015625 0.2021484375
0 0.193115234375 0.2490234375 0.00244140625 0.013671875
0 0.268798828125 0.3251953125 0.00439453125 0.0234375
0 0.03564453125 0.37744140625 0.00390625 0.0224609375
0 0.03857421875 0.3955078125 0.0087890625 0.044921875
0 0.046142578125 0.388671875 0.00830078125 0.041015625
0 0.062744140625 0.3876953125 0.01025390625 0.052734375
0 0.03125 0.39208984375 0.013671875 0.0673828125
0 0.15966796875 0.38671875 0.009765625 0.048828125
0 0.154296875 0.3857421875 0.01171875 0.056640625
0 0.149169921875 0.38330078125 0.01220703125 0.0615234375
0 0.08837890625 0.39013671875 0.0107421875 0.0537109375
0 0.1005859375 0.3896484375 0.0107421875 0.052734375
0 0.11767578125 0.384765625 0.013671875 0.068359375
0 0.12646484375 0.3876953125 0.0126953125 0.0625
0 0.16796875 0.37939453125 0.0166015625 0.0810546875
0 0.219482421875 0.3955078125 0.01220703125 0.060546875
0 0.2109375 0.3935546875 0.0126953125 0.0625
0 0.19775390625 0.3837890625 0.0166015625 0.08203125
0 0.260498046875 0.38525390625 0.01806640625 0.0888671875
0 0.24560546875 0.39306640625 0.0146484375 0.0732421875
0 0.48974609375 0.3935546875 0.0234375 0.115234375
0 0.5087890625 0.3974609375 0.01953125 0.095703125
0 0.47314453125 0.40380859375 0.0234375 0.1162109375
0 0.512451171875 0.39892578125 0.02392578125 0.1181640625
0 0.53125 0.39453125 0.025390625 0.126953125
0 0.542724609375 0.39697265625 0.02490234375 0.1220703125
0 0.53466796875 0.40380859375 0.0234375 0.1142578125
0 0.565673828125 0.3974609375 0.02685546875 0.130859375
0 0.5830078125 0.40087890625 0.025390625 0.1259765625
0 0.63134765625 0.4130859375 0.0263671875 0.12890625
0 0.60693359375 0.40283203125 0.0322265625 0.1572265625
0 0.673583984375 0.40966796875 0.03271484375 0.1591796875
0 0.64501953125 0.412109375 0.03125 0.154296875
0 0.701171875 0.4052734375 0.0361328125 0.1796875
0 0.68408203125 0.4111328125 0.0341796875 0.16796875
0 0.779296875 0.4150390625 0.0341796875 0.16796875
0 0.73876953125 0.4130859375 0.03515625 0.173828125
0 0.765869140625 0.43359375 0.02978515625 0.1484375
