0 0.46044921875 0.38671875 0.0048828125 0.0234375
0 0.486083984375 0.42822265625 0.04248046875 0.2060546875
0 0.512939453125 0.431640625 0.03759765625 0.185546875
0 0.526123046875 0.42578125 0.04443359375 0.21875
0 0.36328125 0.390625 0.0087890625 0.044921875
0 0.324462890625 0.3896484375 0.01220703125 0.0625
0 0.3017578125 0.3935546875 0.0146484375 0.072265625
0 0.29833984375 0.39404296875 0.0205078125 0.1005859375
0 0.287109375 0.39013671875 0.0126953125 0.0634765625
0 0.27880859375 0.39013671875 0.013671875 0.0693359375
0 0.247314453125 0.39111328125 0.01416015625 0.0712890625
0 0.232421875 0.384765625 0.013671875 0.06640625
0 0.20263671875 0.38671875 0.015625 0.080078125
0 0.252685546875 0.392578125 0.01318359375 0.064453125
0 0.177734375 0.39111328125 0.015625 0.0791015625
0 0.155517578125 0.39501953125 0.01904296875 0.0947265625
0 0.136962890625 0.400390625 0.03759765625 0.185546875
0 0.632568359375 0.3974609375 0.00927734375 0.046875
0 0.61328125 0.42333984375 0.04296875 0.2119140625
0 0.713623046875 0.400390625 0.02001953125 0.09765625
0 0.3359375 0.3955078125 0.01171875 0.05859375
