0 0.45068359375 0.4072265625 0.0068359375 0.03515625
0 0.402099609375 0.41015625 0.01806640625 0.08984375
0 0.40576171875 0.4072265625 0.01953125 0.09765625
0 0.33056640625 0.4208984375 0.015625 0.078125
0 0.322509765625 0.419921875 0.01708984375 0.083984375
0 0.051513671875 0.53173828125 0.10302734375 0.7138671875
0 0.67529296875 0.38232421875 0.015625 0.0771484375
0 0.906494140625 0.3720703125 0.01611328125 0.080078125
0 0.802978515625 0.35498046875 0.01318359375 0.0673828125
0 0.9345703125 0.3828125 0.0322265625 0.15625
0 0.89599609375 0.37646484375 0.0341796875 0.1669921875
0 0.7802734375 0.4892578125 0.115234375 0.564453125
0 0.83984375 0.54443359375 0.1171875 0.5751953125
0 0.55517578125 0.51708984375 0.1376953125 0.6728515625
0 0.645751953125 0.51416015625 0.16259765625 0.7939453125
