0 0.126220703125 0.3955078125 0.00537109375 0.029296875
0 0.158447265625 0.38818359375 0.00634765625 0.0302734375
0 0.169189453125 0.38916015625 0.00634765625 0.0322265625
0 0.2001953125 0.3935546875 0.0087890625 0.044921875
0 0.207763671875 0.39599609375 0.00830078125 0.0419921875
0 0.21630859375 0.39404296875 0.0078125 0.0380859375
0 0.212890625 0.39306640625 0.0087890625 0.0439453125
0 0.23974609375 0.39501953125 0.009765625 0.0478515625
0 0.237548828125 0.39306640625 0.01025390625 0.0517578125
0 0.245849609375 0.39453125 0.00927734375 0.046875
0 0.267578125 0.40283203125 0.0126953125 0.0615234375
0 0.280029296875 0.400390625 0.01318359375 0.06640625
0 0.295166015625 0.39794921875 0.01220703125 0.0615234375
0 0.29150390625 0.39697265625 0.0126953125 0.0654296875
0 0.30615234375 0.39794921875 0.0126953125 0.0615234375
0 0.30224609375 0.3994140625 0.01171875 0.05859375
0 0.540771484375 0.37890625 0.01513671875 0.076171875
0 0.539794921875 0.38427734375 0.01416015625 0.0693359375
0 0.53662109375 0.40283203125 0.0185546875 0.0908203125
0 0.558837890625 0.400390625 0.02392578125 0.119140625
0 0.5732421875 0.38818359375 0.0166015625 0.0830078125
0 0.57177734375 0.40673828125 0.0234375 0.1162109375
0 0.589111328125 0.3984375 0.01318359375 0.06640625
0 0.6025390625 0.38916015625 0.0166015625 0.0830078125
0 0.62548828125 0.412109375 0.0322265625 0.16015625
0 0.621826171875 0.42578125 0.03076171875 0.150390625
0 0.968017578125 0.47998046875 0.06298828125 0.4091796875
0 0.80029296875 0.37646484375 0.025390625 0.1259765625
0 0.908447265625 0.3603515625 0.02392578125 0.1171875
0 0.89892578125 0.36669921875 0.0224609375 0.1103515625
0 0.85791015625 0.4169921875 0.041015625 0.203125
0 0.684814453125 0.41650390625 0.04052734375 0.2001953125
0 0.64892578125 0.42138671875 0.0400390625 0.1982421875
0 0.95849609375 0.46435546875 0.08203125 0.5908203125
