0 0.288330078125 0.42919921875 0.00830078125 0.0419921875
0 0.29248046875 0.42431640625 0.009765625 0.0478515625
0 0.166015625 0.4462890625 0.0087890625 0.044921875
0 0.17822265625 0.4482421875 0.0205078125 0.1015625
0 0.1865234375 0.4482421875 0.0205078125 0.1015625
0 0.22998046875 0.4345703125 0.021484375 0.10546875
0 0.236083984375 0.44384765625 0.01806640625 0.0908203125
0 0.378173828125 0.42041015625 0.01806640625 0.0908203125
0 0.3837890625 0.42333984375 0.0166015625 0.0849609375
0 0.830810546875 0.3974609375 0.05908203125 0.291015625
0 0.919189453125 0.390625 0.05615234375 0.27734375
0 0.9677734375 0.419921875 0.04296875 0.2109375
0 0.871826171875 0.4453125 0.03759765625 0.185546875
0 0.975830078125 0.408203125 0.04736328125 0.296875
