0 0.2099609375 0.36474609375 0.0185546875 0.0927734375
0 0.198486328125 0.3720703125 0.01806640625 0.08984375
0 0.230224609375 0.36669921875 0.01806640625 0.0888671875
0 0.215087890625 0.37109375 0.01904296875 0.091796875
0 0.40478515625 0.3408203125 0.0048828125 0.0234375
0 0.413330078125 0.38330078125 0.02294921875 0.1123046875
0 0.385009765625 0.38427734375 0.02197265625 0.1103515625
0 0.511962890625 0.38037109375 0.01708984375 0.0830078125
0 0.517822265625 0.38134765625 0.01806640625 0.0888671875
0 0.613525390625 0.34619140625 0.02001953125 0.0986328125
0 0.400146484375 0.34130859375 0.00439453125 0.0224609375
0 0.637451171875 0.37451171875 0.02001953125 0.1005859375
