0 0.818359375 0.388671875 0.01171875 0.05859375
0 0.81103515625 0.3916015625 0.0107421875 0.0546875
0 0.8310546875 0.38330078125 0.013671875 0.0673828125
0 0.848876953125 0.3779296875 0.01806640625 0.08984375
0 0.834228515625 0.384765625 0.01708984375 0.083984375
0 0.861572265625 0.3779296875 0.01708984375 0.0859375
0 0.859375 0.39892578125 0.025390625 0.1240234375
0 0.877197265625 0.37890625 0.01416015625 0.0703125
0 0.892333984375 0.38134765625 0.01220703125 0.0595703125
0 0.8994140625 0.3798828125 0.013671875 0.0703125
0 0.880859375 0.37744140625 0.0146484375 0.0732421875
0 0.91455078125 0.37451171875 0.0185546875 0.0927734375
0 0.928466796875 0.3828125 0.01904296875 0.09375
0 0.945556640625 0.37841796875 0.01904296875 0.0947265625
0 0.9384765625 0.38330078125 0.01953125 0.0966796875
0 0.95361328125 0.3818359375 0.0166015625 0.083984375
0 0.962646484375 0.376953125 0.01904296875 0.095703125
0 0.965576171875 0.38134765625 0.02099609375 0.1025390625
0 0.953369140625 0.38671875 0.02197265625 0.107421875
0 0.99462890625 0.3740234375 0.009765625 0.080078125
0 0.988037109375 0.3720703125 0.01513671875 0.076171875
0 0.971923828125 0.40283203125 0.02978515625 0.1455078125
0 0.97900390625 0.4052734375 0.0322265625 0.158203125
0 0.8857421875 0.4072265625 0.0244140625 0.119140625
0 0.697509765625 0.39990234375 0.00830078125 0.0400390625
0 0.650146484375 0.4013671875 0.00732421875 0.037109375
0 0.62841796875 0.4013671875 0.0078125 0.0390625
0 0.62158203125 0.39892578125 0.0087890625 0.0439453125
0 0.607666015625 0.40234375 0.00732421875 0.037109375
0 0.600830078125 0.400390625 0.00634765625 0.03125
0 0.5947265625 0.3994140625 0.0068359375 0.03515625
0 0.5869140625 0.4033203125 0.0078125 0.0390625
0 0.59326171875 0.4072265625 0.0068359375 0.033203125
0 0.595703125 0.41015625 0.00390625 0.021484375
0 0.349365234375 0.421875 0.00537109375 0.025390625
0 0.34228515625 0.4228515625 0.005859375 0.03125
0 0.333984375 0.427734375 0.00390625 0.01953125
0 0.32861328125 0.42919921875 0.0029296875 0.0166015625
0 0.3251953125 0.42822265625 0.00390625 0.0185546875
0 0.314208984375 0.42236328125 0.00537109375 0.0263671875
0 0.318603515625 0.42041015625 0.00634765625 0.0341796875
0 0.296630859375 0.42236328125 0.00634765625 0.0322265625
0 0.301025390625 0.41357421875 0.01025390625 0.0498046875
0 0.31005859375 0.4208984375 0.0068359375 0.03515625
0 0.28662109375 0.4228515625 0.0068359375 0.033203125
0 0.276611328125 0.4140625 0.01025390625 0.05078125
0 0.223876953125 0.42236328125 0.00732421875 0.0361328125
0 0.23193359375 0.416015625 0.009765625 0.048828125
0 0.240966796875 0.41162109375 0.01123046875 0.0576171875
0 0.212646484375 0.41796875 0.00927734375 0.046875
0 0.196533203125 0.41796875 0.00927734375 0.046875
0 0.185546875 0.41650390625 0.0166015625 0.0830078125
0 0.173828125 0.4150390625 0.017578125 0.0859375
0 0.142822265625 0.41748046875 0.01025390625 0.0517578125
0 0.160400390625 0.4404296875 0.02587890625 0.12890625
0 0.150634765625 0.439453125 0.02783203125 0.13671875
0 0.1279296875 0.41455078125 0.0126953125 0.0634765625
0 0.13134765625 0.4384765625 0.013671875 0.0703125
0 0.061767578125 0.41455078125 0.01220703125 0.0615234375
0 0.095947265625 0.40771484375 0.01416015625 0.0712890625
0 0.11279296875 0.42578125 0.0205078125 0.103515625
0 0.1044921875 0.4501953125 0.03125 0.154296875
0 0.098876953125 0.455078125 0.03271484375 0.16015625
0 0.072998046875 0.453125 0.03271484375 0.16015625
0 0.039306640625 0.41552734375 0.01904296875 0.0966796875
0 0.04248046875 0.423828125 0.0185546875 0.09375
0 0.004150390625 0.42431640625 0.00830078125 0.0712890625
0 0.019775390625 0.4208984375 0.01904296875 0.09375
0 0.90673828125 0.37939453125 0.0146484375 0.0732421875
