0 0.639892578125 0.37744140625 0.00341796875 0.0185546875
0 0.624267578125 0.3818359375 0.00634765625 0.033203125
0 0.57470703125 0.38818359375 0.005859375 0.0302734375
0 0.578857421875 0.3857421875 0.00634765625 0.03125
0 0.60205078125 0.38671875 0.005859375 0.03125
0 0.564208984375 0.38916015625 0.00634765625 0.0341796875
0 0.568115234375 0.38671875 0.00732421875 0.037109375
0 0.436767578125 0.40478515625 0.00634765625 0.0341796875
0 0.408203125 0.41162109375 0.005859375 0.0283203125
0 0.413330078125 0.4111328125 0.00537109375 0.029296875
0 0.41845703125 0.40869140625 0.0048828125 0.0263671875
0 0.443115234375 0.40673828125 0.00634765625 0.0322265625
0 0.44677734375 0.40966796875 0.00390625 0.0185546875
0 0.449462890625 0.40380859375 0.00244140625 0.0126953125
0 0.484130859375 0.39599609375 0.00537109375 0.0283203125
0 0.496337890625 0.40185546875 0.00341796875 0.0185546875
0 0.501220703125 0.39990234375 0.00439453125 0.0224609375
0 0.510498046875 0.3896484375 0.00341796875 0.01953125
0 0.515380859375 0.38671875 0.00439453125 0.0234375
0 0.98291015625 0.3310546875 0.005859375 0.03125
0 0.99365234375 0.32763671875 0.0048828125 0.0263671875
0 0.967529296875 0.33203125 0.00537109375 0.02734375
0 0.917236328125 0.34765625 0.00927734375 0.046875
0 0.870849609375 0.3564453125 0.01220703125 0.060546875
0 0.895263671875 0.3720703125 0.01318359375 0.06640625
0 0.68115234375 0.39013671875 0.0087890625 0.0439453125
0 0.66796875 0.39453125 0.013671875 0.06640625
0 0.904052734375 0.3564453125 0.01123046875 0.0546875
0 0.45556640625 0.400390625 0.005859375 0.029296875
0 0.468994140625 0.400390625 0.00537109375 0.025390625
0 0.4638671875 0.39990234375 0.0068359375 0.0341796875
0 0.505615234375 0.39111328125 0.00244140625 0.0146484375
