0 0.50439453125 0.4140625 0.0029296875 0.017578125
0 0.586181640625 0.40966796875 0.01025390625 0.0517578125
0 0.6416015625 0.41259765625 0.0087890625 0.0439453125
0 0.61767578125 0.40869140625 0.0087890625 0.0458984375
0 0.619384765625 0.41259765625 0.00830078125 0.0419921875
0 0.603271484375 0.41015625 0.00927734375 0.046875
0 0.720703125 0.40625 0.009765625 0.048828125
0 0.7587890625 0.40478515625 0.005859375 0.0302734375
0 0.7685546875 0.40087890625 0.005859375 0.0302734375
0 0.77392578125 0.40087890625 0.005859375 0.0302734375
0 0.800048828125 0.3974609375 0.01025390625 0.052734375
0 0.964599609375 0.39599609375 0.02001953125 0.1005859375
0 0.49169921875 0.41552734375 0.0087890625 0.0439453125
0 0.485107421875 0.4130859375 0.01025390625 0.05078125
0 0.468994140625 0.41796875 0.00732421875 0.037109375
0 0.464599609375 0.4169921875 0.00927734375 0.044921875
0 0.457763671875 0.4169921875 0.00830078125 0.04296875
0 0.4501953125 0.4140625 0.009765625 0.048828125
0 0.44287109375 0.41552734375 0.009765625 0.0517578125
0 0.421875 0.4169921875 0.009765625 0.048828125
0 0.43212890625 0.41748046875 0.009765625 0.0498046875
0 0.259521484375 0.42529296875 0.00634765625 0.0322265625
0 0.24560546875 0.42431640625 0.0068359375 0.0341796875
0 0.14599609375 0.423828125 0.013671875 0.068359375
0 0.16064453125 0.42724609375 0.0146484375 0.0712890625
0 0.152587890625 0.423828125 0.01416015625 0.072265625
0 0.16796875 0.42529296875 0.0146484375 0.0732421875
0 0.7880859375 0.39794921875 0.0107421875 0.0556640625
0 0.446044921875 0.4150390625 0.01025390625 0.05078125
0 0.135986328125 0.42529296875 0.01220703125 0.0595703125
