0 0.249267578125 0.37548828125 0.02197265625 0.1083984375
0 0.311767578125 0.37646484375 0.01904296875 0.0927734375
0 0.34423828125 0.38330078125 0.015625 0.0771484375
0 0.26904296875 0.3837890625 0.01953125 0.09765625
0 0.35888671875 0.37353515625 0.0126953125 0.0634765625
0 0.123779296875 0.39501953125 0.03173828125 0.1572265625
0 0.148193359375 0.400390625 0.03173828125 0.158203125
0 0.015869140625 0.4072265625 0.03173828125 0.21875
0 0.039794921875 0.39794921875 0.05029296875 0.2451171875
0 0.736572265625 0.37255859375 0.02880859375 0.1416015625
0 0.7373046875 0.37939453125 0.0283203125 0.1396484375
0 0.80517578125 0.3955078125 0.0361328125 0.177734375
0 0.88623046875 0.3896484375 0.0390625 0.19140625
0 0.8740234375 0.39697265625 0.0498046875 0.2431640625
0 0.218994140625 0.37109375 0.02197265625 0.109375
0 0.714599609375 0.37109375 0.02294921875 0.111328125
0 0.7783203125 0.39453125 0.0439453125 0.21484375
