0 0.7763671875 0.41064453125 0.015625 0.0771484375
0 0.47607421875 0.39697265625 0.00390625 0.0185546875
0 0.595703125 0.41162109375 0.0087890625 0.0439453125
0 0.615478515625 0.41015625 0.00830078125 0.04296875
0 0.604248046875 0.40380859375 0.00537109375 0.0263671875
0 0.692626953125 0.40625 0.02294921875 0.11328125
0 0.678466796875 0.40478515625 0.02587890625 0.1259765625
0 0.732666015625 0.40771484375 0.02294921875 0.1142578125
0 0.795654296875 0.4169921875 0.02978515625 0.146484375
0 0.843017578125 0.40771484375 0.03271484375 0.1630859375
0 0.868408203125 0.40283203125 0.03076171875 0.1533203125
0 0.878173828125 0.40234375 0.03662109375 0.1796875
0 0.922119140625 0.41552734375 0.02490234375 0.1240234375
0 0.9609375 0.41796875 0.0263671875 0.130859375
0 0.20263671875 0.37744140625 0.0087890625 0.0439453125
0 0.0595703125 0.37060546875 0.009765625 0.0498046875
0 0.03076171875 0.3896484375 0.0146484375 0.07421875
0 0.015380859375 0.390625 0.01416015625 0.0703125
0 0.244140625 0.38916015625 0.0087890625 0.0439453125
0 0.46923828125 0.39501953125 0.00390625 0.0205078125
