0 0.558837890625 0.357421875 0.00537109375 0.029296875
0 0.541259765625 0.3583984375 0.00634765625 0.03125
0 0.83447265625 0.3876953125 0.029296875 0.14453125
0 0.943603515625 0.3837890625 0.05126953125 0.251953125
0 0.4990234375 0.36083984375 0.005859375 0.0302734375
0 0.454345703125 0.3701171875 0.00634765625 0.03125
0 0.339111328125 0.39990234375 0.01806640625 0.0908203125
0 0.2275390625 0.4091796875 0.0234375 0.11328125
0 0.187744140625 0.41943359375 0.02880859375 0.1416015625
0 0.022216796875 0.41455078125 0.03857421875 0.1904296875
