0 0.32958984375 0.40625 0.021484375 0.107421875
0 0.353271484375 0.40283203125 0.02197265625 0.1083984375
0 0.50341796875 0.3720703125 0.0029296875 0.015625
0 0.506103515625 0.3603515625 0.00146484375 0.0078125
0 0.5703125 0.37939453125 0.0078125 0.0419921875
0 0.784423828125 0.4287109375 0.02783203125 0.13671875
0 0.7177734375 0.453125 0.0234375 0.115234375
0 0.749267578125 0.408203125 0.03662109375 0.181640625
0 0.6162109375 0.38671875 0.0244140625 0.119140625
0 0.508056640625 0.36962890625 0.00341796875 0.0185546875
