0 0.325927734375 0.443359375 0.00634765625 0.033203125
0 0.050048828125 0.43603515625 0.02685546875 0.1337890625
0 0.128173828125 0.44140625 0.02783203125 0.13671875
0 0.088623046875 0.4345703125 0.03076171875 0.150390625
0 0.63671875 0.44287109375 0.0068359375 0.0361328125
0 0.64892578125 0.4453125 0.005859375 0.03125
0 0.824951171875 0.42138671875 0.01318359375 0.0654296875
0 0.89111328125 0.42626953125 0.0205078125 0.1005859375
0 0.875 0.427734375 0.01953125 0.09765625
0 0.947509765625 0.42138671875 0.02001953125 0.1005859375
0 0.97314453125 0.4189453125 0.0234375 0.115234375
0 0.923095703125 0.41845703125 0.02294921875 0.1123046875
