0 0.270751953125 0.46435546875 0.04052734375 0.1982421875
0 0.2861328125 0.4345703125 0.0087890625 0.044921875
0 0.295166015625 0.435546875 0.00927734375 0.046875
0 0.677734375 0.4501953125 0.0439453125 0.21484375
0 0.7177734375 0.45263671875 0.052734375 0.2607421875
0 0.73095703125 0.46142578125 0.0546875 0.2685546875
0 0.84521484375 0.48291015625 0.0615234375 0.3017578125
0 0.925537109375 0.4638671875 0.06298828125 0.30859375
0 0.913818359375 0.494140625 0.06396484375 0.314453125
0 0.778564453125 0.47900390625 0.07080078125 0.3447265625
0 0.6796875 0.458984375 0.0537109375 0.263671875
0 0.79443359375 0.48193359375 0.0810546875 0.3974609375
0 0.87548828125 0.50048828125 0.0771484375 0.3779296875
0 0.94873046875 0.4951171875 0.0771484375 0.376953125
