0 0.535400390625 0.35302734375 0.00341796875 0.0185546875
0 0.53125 0.361328125 0.0048828125 0.025390625
0 0.564453125 0.35205078125 0.0029296875 0.0166015625
0 0.56103515625 0.35009765625 0.001953125 0.0126953125
0 0.557861328125 0.3515625 0.00244140625 0.013671875
0 0.552978515625 0.353515625 0.00244140625 0.013671875
0 0.546875 0.34814453125 0.001953125 0.0107421875
0 0.544677734375 0.35205078125 0.00244140625 0.0126953125
0 0.68359375 0.3642578125 0.0107421875 0.052734375
0 0.697265625 0.353515625 0.009765625 0.048828125
0 0.706298828125 0.35546875 0.00927734375 0.046875
0 0.7548828125 0.32763671875 0.0107421875 0.0517578125
0 0.77587890625 0.32861328125 0.0068359375 0.0361328125
0 0.383544921875 0.37939453125 0.00341796875 0.0185546875
0 0.345703125 0.3828125 0.0048828125 0.025390625
0 0.361572265625 0.38427734375 0.00537109375 0.0263671875
0 0.369384765625 0.38330078125 0.00537109375 0.0283203125
0 0.25 0.38525390625 0.005859375 0.0322265625
0 0.166748046875 0.392578125 0.00830078125 0.041015625
0 0.14306640625 0.3994140625 0.0078125 0.0390625
0 0.134033203125 0.3876953125 0.00830078125 0.041015625
0 0.122802734375 0.390625 0.00732421875 0.037109375
0 0.09619140625 0.1201171875 0.0185546875 0.091796875
0 0.13671875 0.1240234375 0.0146484375 0.07421875
0 0.1455078125 0.125 0.015625 0.076171875
0 0.154052734375 0.12841796875 0.01416015625 0.0693359375
0 0.15625 0.12451171875 0.015625 0.0771484375
0 0.128173828125 0.11669921875 0.01904296875 0.0927734375
0 0.926025390625 0.0751953125 0.01220703125 0.0625
0 0.78125 0.099609375 0.01171875 0.056640625
0 0.66943359375 0.0986328125 0.0146484375 0.072265625
0 0.67431640625 0.0966796875 0.0146484375 0.07421875
0 0.646484375 0.10400390625 0.0126953125 0.0634765625
0 0.6357421875 0.10498046875 0.0126953125 0.0634765625
0 0.632080078125 0.09228515625 0.01806640625 0.0888671875
0 0.518310546875 0.09521484375 0.01806640625 0.0869140625
0 0.43359375 0.10693359375 0.013671875 0.0673828125
0 0.44775390625 0.10302734375 0.015625 0.0771484375
0 0.41748046875 0.09619140625 0.017578125 0.0888671875
0 0.401611328125 0.09716796875 0.01806640625 0.0908203125
0 0.408203125 0.09375 0.01953125 0.095703125
0 0.36865234375 0.1083984375 0.0146484375 0.072265625
0 0.37890625 0.10302734375 0.017578125 0.0869140625
0 0.23583984375 0.1083984375 0.0185546875 0.08984375
0 0.247802734375 0.10595703125 0.01904296875 0.0966796875
0 0.24755859375 0.1123046875 0.0166015625 0.083984375
0 0.292236328125 0.109375 0.01611328125 0.080078125
0 0.305908203125 0.10986328125 0.01513671875 0.0771484375
0 0.28173828125 0.10302734375 0.017578125 0.0869140625
0 0.890380859375 0.07373046875 0.01513671875 0.0751953125
0 0.879638671875 0.08251953125 0.01513671875 0.0751953125
0 0.888916015625 0.0888671875 0.01708984375 0.083984375
0 0.849365234375 0.0947265625 0.01611328125 0.080078125
0 0.840576171875 0.08740234375 0.01904296875 0.0947265625
0 0.857421875 0.08935546875 0.0185546875 0.0927734375
0 0.825439453125 0.09814453125 0.01416015625 0.0712890625
0 0.823486328125 0.091796875 0.01708984375 0.08203125
0 0.628173828125 0.3896484375 0.01708984375 0.083984375
0 0.90380859375 0.3486328125 0.0244140625 0.12109375
0 0.891357421875 0.322265625 0.01904296875 0.09375
0 0.8271484375 0.35400390625 0.021484375 0.1044921875
0 0.841796875 0.3583984375 0.0244140625 0.12109375
0 0.865234375 0.35498046875 0.0361328125 0.1767578125
0 0.889404296875 0.35693359375 0.03271484375 0.1611328125
0 0.838623046875 0.3623046875 0.03466796875 0.171875
0 0.873291015625 0.08203125 0.01611328125 0.080078125
0 0.8896484375 0.1064453125 0.0166015625 0.08203125
0 0.79150390625 0.349609375 0.0185546875 0.091796875
