0 0.556396484375 0.3564453125 0.00830078125 0.04296875
0 0.68212890625 0.34130859375 0.017578125 0.0849609375
0 0.636474609375 0.36865234375 0.02685546875 0.1337890625
0 0.00927734375 0.38916015625 0.0185546875 0.1416015625
0 0.083251953125 0.3359375 0.01513671875 0.076171875
0 0.1298828125 0.34423828125 0.01953125 0.0966796875
0 0.018310546875 0.39697265625 0.03662109375 0.2021484375
0 0.0654296875 0.37939453125 0.0341796875 0.1689453125
0 0.260498046875 0.3583984375 0.01416015625 0.0703125
0 0.283447265625 0.345703125 0.02197265625 0.107421875
0 0.1875 0.3701171875 0.033203125 0.1640625
0 0.154296875 0.3720703125 0.0322265625 0.158203125
0 0.240966796875 0.35693359375 0.02783203125 0.1376953125
0 0.237548828125 0.36181640625 0.02880859375 0.1435546875
0 0.2705078125 0.36865234375 0.025390625 0.1259765625
0 0.43359375 0.35205078125 0.009765625 0.0478515625
0 0.537109375 0.36865234375 0.0283203125 0.1396484375
0 0.478759765625 0.36865234375 0.03076171875 0.1513671875
