0 0.75439453125 0.4052734375 0.0146484375 0.07421875
0 0.5390625 0.37939453125 0.0068359375 0.0341796875
0 0.52587890625 0.38525390625 0.0078125 0.0380859375
0 0.493408203125 0.3798828125 0.01025390625 0.05078125
0 0.472900390625 0.3818359375 0.01123046875 0.05859375
0 0.342529296875 0.39404296875 0.02490234375 0.1220703125
0 0.35498046875 0.4072265625 0.029296875 0.14453125
0 0.3037109375 0.3876953125 0.0263671875 0.12890625
0 0.298828125 0.41748046875 0.033203125 0.1630859375
0 0.266845703125 0.3955078125 0.03369140625 0.16796875
0 0.224853515625 0.4169921875 0.03759765625 0.185546875
0 0.22216796875 0.47119140625 0.01953125 0.0947265625
0 0.629150390625 0.416015625 0.04150390625 0.205078125
0 0.76123046875 0.41357421875 0.025390625 0.1240234375
0 0.939208984375 0.4072265625 0.05322265625 0.259765625
0 0.211181640625 0.41015625 0.04248046875 0.20703125
