0 0.95556640625 0.43212890625 0.087890625 0.4306640625
0 0.829345703125 0.41552734375 0.04150390625 0.2041015625
0 0.809326171875 0.43994140625 0.06396484375 0.3134765625
0 0.741943359375 0.40087890625 0.02783203125 0.1376953125
0 0.74951171875 0.40234375 0.0263671875 0.130859375
0 0.747314453125 0.4599609375 0.02490234375 0.123046875
0 0.734130859375 0.45166015625 0.02880859375 0.1416015625
0 0.778076171875 0.41552734375 0.04052734375 0.1982421875
0 0.803955078125 0.4404296875 0.06787109375 0.33203125
0 0.88330078125 0.45751953125 0.0654296875 0.3212890625
0 0.231201171875 0.38916015625 0.01611328125 0.0810546875
0 0.237548828125 0.396484375 0.01318359375 0.06640625
0 0.25146484375 0.39599609375 0.0146484375 0.0732421875
0 0.685546875 0.4130859375 0.029296875 0.14453125
0 0.6591796875 0.41552734375 0.029296875 0.1455078125
0 0.651611328125 0.41162109375 0.03271484375 0.1611328125
0 0.628662109375 0.4208984375 0.03173828125 0.15625
0 0.119140625 0.36474609375 0.005859375 0.0302734375
0 0.111572265625 0.36474609375 0.00634765625 0.0322265625
0 0.05126953125 0.35107421875 0.00390625 0.0205078125
0 0.058349609375 0.35205078125 0.00537109375 0.0263671875
0 0.01513671875 0.3505859375 0.0029296875 0.017578125
0 0.004638671875 0.39892578125 0.00927734375 0.0732421875
0 0.028564453125 0.3994140625 0.01416015625 0.072265625
0 0.053466796875 0.384765625 0.01123046875 0.056640625
0 0.033935546875 0.3984375 0.01611328125 0.078125
0 0.0234375 0.4033203125 0.0185546875 0.091796875
0 0.057861328125 0.40380859375 0.01806640625 0.0888671875
0 0.047607421875 0.40185546875 0.01904296875 0.0947265625
0 0.121826171875 0.40478515625 0.01904296875 0.0947265625
0 0.1142578125 0.40625 0.0185546875 0.08984375
