0 0.53955078125 0.37646484375 0.0078125 0.0400390625
0 0.4482421875 0.3798828125 0.005859375 0.029296875
0 0.46142578125 0.38427734375 0.0087890625 0.0439453125
0 0.45751953125 0.38623046875 0.0087890625 0.0458984375
0 0.29248046875 0.37255859375 0.01953125 0.0986328125
0 0.2705078125 0.3623046875 0.0166015625 0.083984375
0 0.24365234375 0.37060546875 0.01171875 0.0595703125
0 0.2158203125 0.36328125 0.021484375 0.10546875
0 0.17822265625 0.3681640625 0.0341796875 0.16796875
0 0.046142578125 0.3779296875 0.04443359375 0.21875
0 0.357177734375 0.39599609375 0.03564453125 0.1767578125
0 0.33349609375 0.3916015625 0.0380859375 0.1875
0 0.576171875 0.38427734375 0.0087890625 0.0458984375
0 0.6513671875 0.4140625 0.0341796875 0.16796875
0 0.426513671875 0.3818359375 0.00927734375 0.044921875
