0 0.083740234375 0.39599609375 0.02685546875 0.1318359375
0 0.209228515625 0.39794921875 0.02783203125 0.1357421875
0 0.22509765625 0.38818359375 0.029296875 0.1455078125
0 0.57275390625 0.38525390625 0.00390625 0.0224609375
0 0.58642578125 0.388671875 0.001953125 0.01171875
0 0.08154296875 0.39697265625 0.0302734375 0.1474609375
0 0.35107421875 0.40576171875 0.0234375 0.1142578125
0 0.386474609375 0.412109375 0.02099609375 0.103515625
0 0.4150390625 0.39501953125 0.02734375 0.1357421875
0 0.439208984375 0.46923828125 0.09033203125 0.4423828125
0 0.527099609375 0.39111328125 0.00634765625 0.0302734375
0 0.882568359375 0.38134765625 0.05126953125 0.2529296875
0 0.409423828125 0.41748046875 0.01904296875 0.0947265625
0 0.58251953125 0.38525390625 0.0048828125 0.0244140625
0 0.577880859375 0.3837890625 0.00439453125 0.0234375
0 0.58935546875 0.38623046875 0.0029296875 0.0166015625
