0 0.43896484375 0.39453125 0.005859375 0.029296875
0 0.495849609375 0.39111328125 0.00341796875 0.0185546875
0 0.49853515625 0.390625 0.00390625 0.01953125
0 0.52783203125 0.3916015625 0.005859375 0.03125
0 0.631591796875 0.39453125 0.00732421875 0.037109375
0 0.56298828125 0.41064453125 0.0146484375 0.0732421875
0 0.5830078125 0.412109375 0.013671875 0.0703125
0 0.66748046875 0.400390625 0.0126953125 0.0625
0 0.758056640625 0.40771484375 0.02099609375 0.1025390625
0 0.867919921875 0.4208984375 0.03369140625 0.1640625
0 0.81982421875 0.41552734375 0.0380859375 0.1865234375
0 0.215087890625 0.4140625 0.01611328125 0.080078125
0 0.226806640625 0.4091796875 0.01416015625 0.072265625
0 0.609375 0.38623046875 0.0078125 0.0400390625
