0 0.02978515625 0.05517578125 0.0048828125 0.0244140625
0 0.122802734375 0.20458984375 0.00830078125 0.0439453125
0 0.652587890625 0.38720703125 0.00439453125 0.0244140625
0 0.697509765625 0.404296875 0.00830078125 0.04296875
0 0.532470703125 0.3994140625 0.00341796875 0.017578125
0 0.45703125 0.4052734375 0.0068359375 0.03515625
0 0.438232421875 0.408203125 0.00634765625 0.03125
0 0.424560546875 0.40576171875 0.00537109375 0.0283203125
0 0.16259765625 0.31884765625 0.0087890625 0.0439453125
0 0.209228515625 0.28125 0.00830078125 0.041015625
0 0.221435546875 0.27685546875 0.00927734375 0.0478515625
0 0.231201171875 0.28125 0.00732421875 0.037109375
0 0.23876953125 0.2802734375 0.0078125 0.0390625
0 0.2470703125 0.27880859375 0.0087890625 0.0458984375
0 0.214111328125 0.2822265625 0.00927734375 0.046875
0 0.218017578125 0.28857421875 0.00732421875 0.0380859375
0 0.20458984375 0.30615234375 0.009765625 0.0478515625
0 0.192138671875 0.3095703125 0.00830078125 0.04296875
0 0.704345703125 0.26123046875 0.00830078125 0.0419921875
0 0.709716796875 0.2607421875 0.00830078125 0.04296875
0 0.675537109375 0.26513671875 0.00830078125 0.0419921875
0 0.6494140625 0.26513671875 0.0078125 0.0380859375
0 0.633056640625 0.26318359375 0.00830078125 0.0419921875
0 0.629150390625 0.26171875 0.00927734375 0.046875
0 0.595947265625 0.26318359375 0.00927734375 0.0458984375
0 0.57666015625 0.2626953125 0.009765625 0.046875
0 0.561279296875 0.2685546875 0.00732421875 0.037109375
0 0.549560546875 0.2685546875 0.00732421875 0.0390625
0 0.544921875 0.271484375 0.0068359375 0.03515625
0 0.5322265625 0.26904296875 0.0078125 0.0400390625
0 0.52490234375 0.26904296875 0.0078125 0.0400390625
0 0.517822265625 0.2685546875 0.00830078125 0.04296875
0 0.487548828125 0.26904296875 0.00830078125 0.0419921875
0 0.491455078125 0.26904296875 0.00830078125 0.0419921875
0 0.49560546875 0.2705078125 0.0078125 0.0390625
0 0.508544921875 0.2666015625 0.00634765625 0.033203125
0 0.504638671875 0.2666015625 0.00732421875 0.0390625
0 0.347412109375 0.27978515625 0.00830078125 0.0439453125
0 0.3857421875 0.28125 0.0068359375 0.03515625
0 0.3701171875 0.27880859375 0.0078125 0.0400390625
0 0.72314453125 0.26416015625 0.0068359375 0.0361328125
0 0.416748046875 0.27978515625 0.00732421875 0.0361328125
0 0.751220703125 0.26318359375 0.00732421875 0.0380859375
0 0.7275390625 0.26318359375 0.0078125 0.0400390625
0 0.423828125 0.2763671875 0.0078125 0.0390625
0 0.4482421875 0.27734375 0.0068359375 0.03515625
0 0.4423828125 0.2734375 0.0087890625 0.044921875
0 0.32470703125 0.4072265625 0.021484375 0.107421875
0 0.746337890625 0.3955078125 0.01123046875 0.0546875
0 0.75244140625 0.3955078125 0.009765625 0.05078125
0 0.712890625 0.42822265625 0.0224609375 0.1103515625
0 0.721435546875 0.4287109375 0.02099609375 0.103515625
0 0.90087890625 0.41064453125 0.0166015625 0.0810546875
0 0.892822265625 0.40625 0.01611328125 0.08203125
0 0.892578125 0.41259765625 0.015625 0.0771484375
0 0.8671875 0.41748046875 0.0185546875 0.0927734375
0 0.815673828125 0.41455078125 0.01416015625 0.0712890625
0 0.8056640625 0.41650390625 0.015625 0.0791015625
0 0.835693359375 0.41552734375 0.01513671875 0.0751953125
0 0.827392578125 0.40966796875 0.01611328125 0.0810546875
0 0.82080078125 0.41357421875 0.0166015625 0.0830078125
0 0.81103515625 0.4248046875 0.015625 0.078125
0 0.83935546875 0.4248046875 0.017578125 0.087890625
0 0.829833984375 0.42138671875 0.01708984375 0.0849609375
0 0.843017578125 0.4306640625 0.01513671875 0.076171875
0 0.885498046875 0.42822265625 0.02783203125 0.1357421875
0 0.856689453125 0.419921875 0.02001953125 0.099609375
0 0.85498046875 0.42431640625 0.0302734375 0.1494140625
0 0.771484375 0.4306640625 0.029296875 0.14453125
0 0.76025390625 0.435546875 0.02734375 0.134765625
