0 0.10498046875 0.4482421875 0.0048828125 0.025390625
0 0.12646484375 0.45703125 0.0078125 0.0390625
0 0.093994140625 0.46435546875 0.00927734375 0.0458984375
0 0.080322265625 0.4609375 0.01025390625 0.052734375
0 0.06494140625 0.4697265625 0.037109375 0.1796875
0 0.025146484375 0.47265625 0.03466796875 0.169921875
0 0.02587890625 0.51123046875 0.0517578125 0.4443359375
0 0.52587890625 0.42724609375 0.017578125 0.0869140625
0 0.33203125 0.45947265625 0.0576171875 0.2841796875
0 0.259765625 0.46533203125 0.0341796875 0.1689453125
0 0.28076171875 0.46923828125 0.03125 0.1533203125
0 0.179443359375 0.45849609375 0.02685546875 0.1337890625
0 0.165771484375 0.4541015625 0.03369140625 0.166015625
0 0.207763671875 0.46484375 0.03955078125 0.193359375
0 0.222412109375 0.48095703125 0.06201171875 0.3017578125
0 0.8662109375 0.42529296875 0.0078125 0.0380859375
0 0.946533203125 0.4267578125 0.04638671875 0.2265625
0 0.964599609375 0.43603515625 0.04736328125 0.2333984375
0 0.985595703125 0.43408203125 0.02783203125 0.2509765625
0 0.900390625 0.4013671875 0.01953125 0.09765625
0 0.896728515625 0.4462890625 0.04833984375 0.23828125
0 0.933837890625 0.4345703125 0.06005859375 0.294921875
0 0.709228515625 0.41650390625 0.01806640625 0.0908203125
0 0.72802734375 0.42138671875 0.0166015625 0.0830078125
0 0.791748046875 0.4365234375 0.03759765625 0.18359375
0 0.79443359375 0.4404296875 0.037109375 0.18359375
0 0.83154296875 0.4521484375 0.064453125 0.31640625
0 0.8447265625 0.4599609375 0.0625 0.3046875
0 0.5361328125 0.427734375 0.0166015625 0.08203125
0 0.5595703125 0.44287109375 0.04296875 0.2119140625
0 0.6083984375 0.43310546875 0.041015625 0.2001953125
0 0.56005859375 0.45068359375 0.0458984375 0.2255859375
0 0.578369140625 0.45263671875 0.04736328125 0.2314453125
0 0.63330078125 0.43603515625 0.037109375 0.1826171875
0 0.654541015625 0.44677734375 0.03662109375 0.1806640625
0 0.665771484375 0.44873046875 0.03857421875 0.1904296875
0 0.66162109375 0.443359375 0.04296875 0.2109375
0 0.629638671875 0.43896484375 0.04541015625 0.2216796875
0 0.60107421875 0.4541015625 0.064453125 0.31640625
0 0.59912109375 0.4794921875 0.08203125 0.400390625
0 0.51123046875 0.4296875 0.015625 0.078125
0 0.503662109375 0.466796875 0.03662109375 0.1796875
0 0.482177734375 0.4443359375 0.04443359375 0.21875
0 0.494384765625 0.4521484375 0.04541015625 0.22265625
0 0.44775390625 0.4716796875 0.0673828125 0.330078125
0 0.45263671875 0.45703125 0.076171875 0.37109375
0 0.44482421875 0.4794921875 0.0673828125 0.330078125
0 0.3857421875 0.48974609375 0.0732421875 0.3583984375
0 0.4365234375 0.498046875 0.087890625 0.4296875
0 0.423828125 0.498046875 0.09375 0.458984375
0 0.31689453125 0.4697265625 0.091796875 0.44921875
0 0.707763671875 0.4326171875 0.03955078125 0.193359375
