0 0.269775390625 0.3896484375 0.03271484375 0.16015625
0 0.798828125 0.404296875 0.025390625 0.125
0 0.58740234375 0.36083984375 0.0048828125 0.0244140625
0 0.60498046875 0.365234375 0.00390625 0.021484375
0 0.568359375 0.380859375 0.0068359375 0.03515625
0 0.573974609375 0.38037109375 0.00732421875 0.0361328125
0 0.56201171875 0.38525390625 0.0087890625 0.0439453125
0 0.555419921875 0.380859375 0.00830078125 0.04296875
0 0.786376953125 0.3876953125 0.02783203125 0.138671875
0 0.81298828125 0.40283203125 0.0283203125 0.1396484375
0 0.692626953125 0.390625 0.01611328125 0.080078125
0 0.708984375 0.3916015625 0.0146484375 0.072265625
