0 0.49169921875 0.41259765625 0.005859375 0.0302734375
0 0.466552734375 0.41064453125 0.00439453125 0.0244140625
0 0.091552734375 0.4130859375 0.02001953125 0.099609375
0 0.353515625 0.42529296875 0.0283203125 0.1396484375
0 0.913818359375 0.41357421875 0.03369140625 0.1669921875
0 0.072021484375 0.4091796875 0.02099609375 0.103515625
0 0.755615234375 0.3427734375 0.05322265625 0.26171875
0 0.747314453125 0.455078125 0.06298828125 0.306640625
0 0.9599609375 0.40478515625 0.033203125 0.1630859375
0 0.841796875 0.45654296875 0.0771484375 0.3759765625
