0 0.517822265625 0.3974609375 0.00927734375 0.048828125
0 0.630126953125 0.38134765625 0.00732421875 0.0380859375
0 0.62255859375 0.38427734375 0.0068359375 0.0361328125
0 0.734130859375 0.38037109375 0.02001953125 0.0986328125
0 0.7587890625 0.3837890625 0.017578125 0.087890625
0 0.374755859375 0.396484375 0.00244140625 0.013671875
0 0.375732421875 0.39892578125 0.00634765625 0.0302734375
0 0.495361328125 0.39990234375 0.00732421875 0.0380859375
0 0.488037109375 0.4013671875 0.00732421875 0.03515625
0 0.48193359375 0.40234375 0.0068359375 0.033203125
