0 0.56494140625 0.39990234375 0.0029296875 0.0146484375
0 0.5693359375 0.400390625 0.0029296875 0.013671875
0 0.572998046875 0.39697265625 0.00244140625 0.0146484375
0 0.62841796875 0.4091796875 0.0087890625 0.044921875
0 0.6240234375 0.41015625 0.0087890625 0.044921875
0 0.636962890625 0.408203125 0.00927734375 0.046875
0 0.64697265625 0.4111328125 0.009765625 0.048828125
0 0.658935546875 0.4140625 0.01025390625 0.05078125
0 0.649658203125 0.41455078125 0.00927734375 0.0478515625
0 0.656494140625 0.4150390625 0.01025390625 0.052734375
0 0.686279296875 0.41015625 0.01220703125 0.060546875
0 0.70703125 0.41650390625 0.009765625 0.0517578125
0 0.701904296875 0.4140625 0.01416015625 0.072265625
0 0.695068359375 0.416015625 0.01416015625 0.0703125
0 0.727294921875 0.4150390625 0.01513671875 0.076171875
0 0.78271484375 0.4130859375 0.01171875 0.05859375
0 0.786865234375 0.41552734375 0.01220703125 0.0615234375
0 0.7783203125 0.4150390625 0.013671875 0.068359375
0 0.767333984375 0.41015625 0.01904296875 0.095703125
0 0.80517578125 0.41552734375 0.01171875 0.0595703125
0 0.7998046875 0.4189453125 0.0107421875 0.052734375
0 0.8154296875 0.419921875 0.013671875 0.06640625
0 0.833251953125 0.416015625 0.01318359375 0.06640625
0 0.839599609375 0.4169921875 0.01416015625 0.0703125
0 0.830322265625 0.419921875 0.01318359375 0.06640625
0 0.852783203125 0.4091796875 0.01904296875 0.09375
0 0.875244140625 0.41552734375 0.01806640625 0.0888671875
0 0.88427734375 0.419921875 0.017578125 0.087890625
0 0.915283203125 0.41357421875 0.02001953125 0.0986328125
0 0.9072265625 0.41845703125 0.0185546875 0.0908203125
0 0.419189453125 0.4091796875 0.00537109375 0.029296875
0 0.2470703125 0.41748046875 0.0107421875 0.0556640625
0 0.10009765625 0.4169921875 0.0126953125 0.0625
0 0.138916015625 0.41748046875 0.01220703125 0.0615234375
0 0.128662109375 0.42333984375 0.01708984375 0.0849609375
0 0.115234375 0.43603515625 0.0234375 0.1142578125
0 0.16748046875 0.41748046875 0.0107421875 0.0537109375
0 0.172607421875 0.4189453125 0.01025390625 0.05078125
0 0.179931640625 0.40869140625 0.00830078125 0.0419921875
0 0.185791015625 0.4052734375 0.00634765625 0.033203125
0 0.189453125 0.4091796875 0.0068359375 0.033203125
0 0.206787109375 0.42431640625 0.01513671875 0.0751953125
0 0.219970703125 0.419921875 0.01025390625 0.05078125
0 0.23583984375 0.4169921875 0.0107421875 0.0546875
0 0.258056640625 0.4169921875 0.01123046875 0.056640625
0 0.25439453125 0.41552734375 0.01171875 0.0595703125
0 0.26708984375 0.41748046875 0.009765625 0.0498046875
0 0.3076171875 0.41650390625 0.0078125 0.0400390625
0 0.281982421875 0.41845703125 0.00927734375 0.0458984375
