0 0.521240234375 0.41845703125 0.01416015625 0.0712890625
0 0.53271484375 0.4228515625 0.01171875 0.05859375
0 0.551025390625 0.42919921875 0.01611328125 0.0791015625
0 0.543212890625 0.43017578125 0.01708984375 0.0849609375
0 0.74609375 0.53466796875 0.134765625 0.6591796875
0 0.82177734375 0.52197265625 0.1533203125 0.7490234375
0 0.3681640625 0.513671875 0.103515625 0.505859375
0 0.357421875 0.53515625 0.1103515625 0.541015625
0 0.442626953125 0.52099609375 0.15576171875 0.7607421875
0 0.41845703125 0.5732421875 0.16796875 0.8203125
0 0.1337890625 0.51904296875 0.10546875 0.5166015625
0 0.072021484375 0.51904296875 0.11767578125 0.5751953125
