0 0.63720703125 0.3818359375 0.0068359375 0.03515625
0 0.64111328125 0.3857421875 0.0068359375 0.03515625
0 0.724609375 0.37548828125 0.0078125 0.0400390625
0 0.718994140625 0.37353515625 0.00732421875 0.0380859375
0 0.713134765625 0.37646484375 0.00732421875 0.0380859375
0 0.778076171875 0.47021484375 0.07275390625 0.3564453125
0 0.8037109375 0.4677734375 0.0810546875 0.396484375
0 0.533203125 0.39453125 0.0048828125 0.025390625
0 0.51318359375 0.45263671875 0.0712890625 0.3486328125
0 0.5078125 0.48388671875 0.0693359375 0.3388671875
0 0.325439453125 0.41357421875 0.00439453125 0.0224609375
0 0.26318359375 0.4111328125 0.0078125 0.0390625
0 0.36767578125 0.46240234375 0.056640625 0.2783203125
0 0.35009765625 0.46923828125 0.0595703125 0.2919921875
0 0.412109375 0.45458984375 0.07421875 0.3642578125
0 0.448974609375 0.49658203125 0.08447265625 0.4111328125
0 0.41162109375 0.515625 0.087890625 0.431640625
0 0.61962890625 0.45556640625 0.05078125 0.2490234375
0 0.612548828125 0.4599609375 0.07861328125 0.384765625
0 0.26904296875 0.4140625 0.0078125 0.0390625
0 0.277099609375 0.41064453125 0.00927734375 0.0458984375
0 0.30859375 0.478515625 0.0615234375 0.302734375
0 0.209228515625 0.46728515625 0.06005859375 0.2958984375
0 0.178466796875 0.42431640625 0.01025390625 0.0517578125
0 0.245849609375 0.46533203125 0.09130859375 0.4443359375
0 0.15185546875 0.46875 0.048828125 0.23828125
0 0.13232421875 0.49951171875 0.0849609375 0.4169921875
0 0.190673828125 0.486328125 0.06103515625 0.30078125
0 0.153564453125 0.52490234375 0.03662109375 0.1806640625
0 0.197021484375 0.5048828125 0.09521484375 0.46484375
0 0.09326171875 0.4931640625 0.091796875 0.447265625
0 0.130859375 0.513671875 0.099609375 0.486328125
0 0.674072265625 0.4609375 0.06494140625 0.318359375
