0 0.318359375 0.408203125 0.0185546875 0.09375
0 0.491455078125 0.4091796875 0.01416015625 0.0703125
0 0.47265625 0.4150390625 0.0107421875 0.0546875
0 0.458251953125 0.4033203125 0.01513671875 0.07421875
0 0.464599609375 0.4072265625 0.01318359375 0.06640625
0 0.435546875 0.4033203125 0.013671875 0.068359375
0 0.433349609375 0.408203125 0.01611328125 0.080078125
0 0.398193359375 0.40966796875 0.01611328125 0.0810546875
0 0.402587890625 0.41796875 0.01611328125 0.080078125
0 0.337646484375 0.41064453125 0.02001953125 0.0986328125
0 0.278564453125 0.38427734375 0.00439453125 0.0224609375
0 0.28369140625 0.38623046875 0.0048828125 0.0244140625
0 0.289794921875 0.38623046875 0.00439453125 0.0224609375
0 0.414306640625 0.42236328125 0.01025390625 0.0498046875
