0 0.5859375 0.3818359375 0.0087890625 0.04296875
0 0.59326171875 0.3818359375 0.0078125 0.041015625
0 0.6025390625 0.38525390625 0.0087890625 0.0439453125
0 0.600341796875 0.3837890625 0.01025390625 0.05078125
0 0.611572265625 0.3818359375 0.01025390625 0.052734375
0 0.646728515625 0.3779296875 0.01025390625 0.05078125
0 0.640869140625 0.376953125 0.01123046875 0.0546875
0 0.638916015625 0.388671875 0.01123046875 0.056640625
0 0.635009765625 0.3876953125 0.01611328125 0.080078125
0 0.652099609375 0.38232421875 0.01513671875 0.0751953125
0 0.657470703125 0.38232421875 0.01708984375 0.0869140625
0 0.696533203125 0.37939453125 0.01220703125 0.0595703125
0 0.798583984375 0.361328125 0.01416015625 0.0703125
0 0.722900390625 0.38623046875 0.02197265625 0.1103515625
0 0.7080078125 0.3935546875 0.0244140625 0.119140625
0 0.7333984375 0.3955078125 0.021484375 0.107421875
0 0.77490234375 0.38037109375 0.0224609375 0.1103515625
0 0.7626953125 0.38623046875 0.021484375 0.1064453125
0 0.862060546875 0.38525390625 0.03173828125 0.1552734375
0 0.837158203125 0.38623046875 0.03173828125 0.1552734375
0 0.89794921875 0.388671875 0.0322265625 0.158203125
0 0.927001953125 0.37353515625 0.03466796875 0.1708984375
0 0.221435546875 0.40673828125 0.00439453125 0.0244140625
0 0.284912109375 0.40625 0.00732421875 0.037109375
