0 0.80224609375 0.380859375 0.0166015625 0.083984375
0 0.79541015625 0.3828125 0.01953125 0.095703125
0 0.826171875 0.37841796875 0.01953125 0.0986328125
0 0.20361328125 0.37060546875 0.0068359375 0.0341796875
0 0.0810546875 0.3740234375 0.013671875 0.0703125
0 0.076904296875 0.37646484375 0.01904296875 0.0947265625
0 0.1845703125 0.373046875 0.0087890625 0.04296875
0 0.096435546875 0.380859375 0.01904296875 0.09375
0 0.11376953125 0.376953125 0.015625 0.078125
0 0.1748046875 0.37939453125 0.009765625 0.0498046875
0 0.046630859375 0.3828125 0.01708984375 0.083984375
0 0.0068359375 0.38720703125 0.013671875 0.1318359375
0 0.3125 0.3779296875 0.005859375 0.029296875
0 0.485107421875 0.3837890625 0.00634765625 0.03125
0 0.4765625 0.38623046875 0.0048828125 0.0263671875
0 0.4580078125 0.38427734375 0.0068359375 0.0322265625
0 0.466796875 0.3828125 0.0068359375 0.03515625
0 0.462890625 0.38232421875 0.0068359375 0.0341796875
0 0.628662109375 0.37841796875 0.00830078125 0.0419921875
0 0.640625 0.3701171875 0.0087890625 0.04296875
0 0.6376953125 0.37548828125 0.0087890625 0.0458984375
0 0.664306640625 0.37548828125 0.00830078125 0.0419921875
0 0.85302734375 0.38671875 0.0205078125 0.099609375
0 0.328125 0.439453125 0.07421875 0.361328125
0 0.4267578125 0.462890625 0.1083984375 0.529296875
