0 0.15576171875 0.36328125 0.0068359375 0.033203125
0 0.28271484375 0.3896484375 0.005859375 0.03125
0 0.928955078125 0.05517578125 0.01123046875 0.0556640625
0 0.923828125 0.05615234375 0.01171875 0.0595703125
0 0.169677734375 0.36376953125 0.00927734375 0.0478515625
0 0.181884765625 0.3671875 0.00830078125 0.041015625
0 0.918701171875 0.41455078125 0.03076171875 0.1533203125
0 0.64697265625 0.3984375 0.009765625 0.05078125
0 0.630615234375 0.3935546875 0.01025390625 0.052734375
0 0.62451171875 0.40185546875 0.017578125 0.0869140625
0 0.624755859375 0.40869140625 0.01806640625 0.0888671875
0 0.76513671875 0.4130859375 0.017578125 0.087890625
0 0.6376953125 0.42138671875 0.029296875 0.1435546875
0 0.054443359375 0.40283203125 0.01611328125 0.0791015625
0 0.1611328125 0.3603515625 0.0087890625 0.044921875
0 0.279541015625 0.388671875 0.00732421875 0.037109375
0 0.26611328125 0.390625 0.0078125 0.0390625
0 0.274658203125 0.3876953125 0.00732421875 0.037109375
0 0.255126953125 0.390625 0.00732421875 0.0390625
0 0.250244140625 0.388671875 0.00732421875 0.037109375
0 0.489013671875 0.3955078125 0.00537109375 0.029296875
0 0.538818359375 0.400390625 0.00732421875 0.037109375
0 0.247802734375 0.375 0.00439453125 0.0234375
0 0.737548828125 0.4140625 0.02490234375 0.123046875
0 0.7060546875 0.4130859375 0.025390625 0.126953125
0 0.72900390625 0.40234375 0.02734375 0.13671875
0 0.751220703125 0.41259765625 0.02978515625 0.1474609375
0 0.72802734375 0.4228515625 0.0322265625 0.158203125
0 0.748046875 0.4326171875 0.03515625 0.171875
0 0.793212890625 0.4140625 0.02587890625 0.12890625
0 0.787353515625 0.40869140625 0.02099609375 0.1044921875
0 0.776123046875 0.41455078125 0.03466796875 0.1708984375
0 0.853515625 0.4130859375 0.025390625 0.125
0 0.85791015625 0.42138671875 0.0263671875 0.1298828125
0 0.869873046875 0.421875 0.02783203125 0.13671875
0 0.88037109375 0.41748046875 0.0302734375 0.1494140625
0 0.814453125 0.4169921875 0.033203125 0.162109375
0 0.825927734375 0.41455078125 0.03857421875 0.1884765625
0 0.8212890625 0.42333984375 0.0390625 0.1923828125
0 0.9189453125 0.060546875 0.01171875 0.05859375
0 0.913330078125 0.0986328125 0.00927734375 0.046875
0 0.673828125 0.408203125 0.0234375 0.1171875
0 0.65771484375 0.4326171875 0.025390625 0.125
0 0.675537109375 0.421875 0.03173828125 0.154296875
