0 0.660888671875 0.41015625 0.00830078125 0.041015625
0 0.5380859375 0.419921875 0.0078125 0.041015625
0 0.310546875 0.42236328125 0.013671875 0.0693359375
0 0.301513671875 0.4228515625 0.01416015625 0.0703125
0 0.09716796875 0.453125 0.0595703125 0.29296875
0 0.0859375 0.45849609375 0.080078125 0.3896484375
0 0.673095703125 0.41259765625 0.01025390625 0.0517578125
0 0.494873046875 0.47119140625 0.04248046875 0.2099609375
0 0.585205078125 0.43896484375 0.02685546875 0.1318359375
0 0.86279296875 0.44384765625 0.0283203125 0.1376953125
0 0.84716796875 0.44580078125 0.029296875 0.1455078125
0 0.896484375 0.4443359375 0.0380859375 0.1875
0 0.016357421875 0.4638671875 0.03271484375 0.28125
