0 0.985107421875 0.4560546875 0.02880859375 0.21875
0 0.780029296875 0.4130859375 0.03466796875 0.169921875
0 0.765869140625 0.40869140625 0.03759765625 0.1865234375
0 0.68798828125 0.40234375 0.033203125 0.1640625
0 0.66015625 0.38818359375 0.0302734375 0.1494140625
0 0.666259765625 0.416015625 0.03173828125 0.15625
0 0.674560546875 0.42431640625 0.03271484375 0.1611328125
0 0.438232421875 0.361328125 0.01611328125 0.080078125
0 0.466552734375 0.37353515625 0.02392578125 0.1181640625
0 0.4541015625 0.36962890625 0.0205078125 0.1025390625
0 0.514892578125 0.4013671875 0.03369140625 0.166015625
0 0.490478515625 0.39501953125 0.03564453125 0.1748046875
0 0.41162109375 0.3759765625 0.0166015625 0.08203125
0 0.37353515625 0.36328125 0.017578125 0.0859375
0 0.38330078125 0.365234375 0.0234375 0.115234375
0 0.400634765625 0.3662109375 0.02099609375 0.103515625
0 0.3525390625 0.373046875 0.01953125 0.09765625
0 0.015625 0.33740234375 0.01171875 0.0576171875
0 0.131591796875 0.341796875 0.01318359375 0.06640625
0 0.05712890625 0.3359375 0.01171875 0.05859375
0 0.03125 0.337890625 0.009765625 0.05078125
0 0.255126953125 0.34912109375 0.01611328125 0.0810546875
