0 0.08935546875 0.4580078125 0.080078125 0.390625
0 0.142822265625 0.4794921875 0.07568359375 0.369140625
0 0.797607421875 0.1005859375 0.01708984375 0.083984375
0 0.824951171875 0.0634765625 0.01513671875 0.076171875
0 0.781982421875 0.48291015625 0.08251953125 0.4033203125
0 0.75830078125 0.49462890625 0.09765625 0.4755859375
0 0.50244140625 0.27685546875 0.0068359375 0.0361328125
0 0.521484375 0.2783203125 0.0068359375 0.03515625
0 0.53125 0.2783203125 0.0068359375 0.03515625
0 0.54931640625 0.28271484375 0.00390625 0.0205078125
0 0.4580078125 0.4609375 0.080078125 0.390625
0 0.48828125 0.48681640625 0.0791015625 0.3876953125
0 0.434814453125 0.46923828125 0.09033203125 0.4423828125
0 0.267578125 0.46533203125 0.0771484375 0.3759765625
0 0.37255859375 0.47314453125 0.0703125 0.3447265625
0 0.277099609375 0.47998046875 0.08056640625 0.3955078125
0 0.589599609375 0.5126953125 0.07080078125 0.34765625
0 0.58447265625 0.46533203125 0.123046875 0.6005859375
0 0.33837890625 0.4765625 0.1142578125 0.55859375
0 0.1748046875 0.291015625 0.0048828125 0.025390625
