0 0.494140625 0.42822265625 0.0029296875 0.0166015625
0 0.90380859375 0.41455078125 0.03125 0.1533203125
0 0.552490234375 0.43408203125 0.02294921875 0.1123046875
0 0.562744140625 0.43701171875 0.02392578125 0.1162109375
0 0.76171875 0.41455078125 0.01171875 0.0595703125
0 0.807373046875 0.41162109375 0.02001953125 0.0986328125
0 0.8427734375 0.4140625 0.0224609375 0.111328125
0 0.669189453125 0.38232421875 0.02783203125 0.1376953125
0 0.662353515625 0.43896484375 0.03369140625 0.1650390625
0 0.693359375 0.43896484375 0.033203125 0.1630859375
