0 0.791748046875 0.40185546875 0.04736328125 0.2314453125
0 0.7861328125 0.40380859375 0.046875 0.2314453125
0 0.749755859375 0.40478515625 0.04443359375 0.2197265625
0 0.76513671875 0.404296875 0.05078125 0.25
0 0.8818359375 0.39697265625 0.025390625 0.1259765625
0 0.94287109375 0.3994140625 0.01953125 0.09765625
0 0.96533203125 0.3828125 0.025390625 0.126953125
0 0.994140625 0.38818359375 0.0107421875 0.1044921875
0 0.96728515625 0.41552734375 0.0185546875 0.0927734375
0 0.841552734375 0.375 0.00830078125 0.041015625
