0 0.567138671875 0.388671875 0.00634765625 0.03125
0 0.658203125 0.384765625 0.013671875 0.068359375
0 0.486083984375 0.384765625 0.01220703125 0.060546875
0 0.429931640625 0.37255859375 0.00927734375 0.0458984375
0 0.383544921875 0.37939453125 0.01025390625 0.0517578125
0 0.39306640625 0.373046875 0.013671875 0.0703125
0 0.3642578125 0.373046875 0.0126953125 0.0625
0 0.35595703125 0.37255859375 0.013671875 0.0673828125
0 0.29296875 0.37109375 0.0185546875 0.09375
0 0.271728515625 0.3681640625 0.02197265625 0.107421875
0 0.22998046875 0.35546875 0.013671875 0.068359375
0 0.235107421875 0.3564453125 0.01611328125 0.080078125
0 0.2177734375 0.36572265625 0.0205078125 0.1005859375
0 0.200439453125 0.36279296875 0.02197265625 0.1103515625
0 0.178466796875 0.36083984375 0.01806640625 0.0888671875
0 0.1953125 0.3642578125 0.0234375 0.115234375
0 0.091796875 0.3583984375 0.0361328125 0.17578125
0 0.024658203125 0.3603515625 0.03564453125 0.17578125
0 0.77734375 0.3701171875 0.0205078125 0.1015625
0 0.794189453125 0.37939453125 0.02001953125 0.0986328125
0 0.80712890625 0.37841796875 0.0224609375 0.1083984375
0 0.835693359375 0.390625 0.02490234375 0.123046875
