0 0.619873046875 0.4365234375 0.00732421875 0.03515625
0 0.654541015625 0.43115234375 0.02001953125 0.1005859375
0 0.6357421875 0.4384765625 0.005859375 0.03125
0 0.711181640625 0.40869140625 0.01513671875 0.0751953125
0 0.837890625 0.42919921875 0.0224609375 0.1123046875
0 0.94677734375 0.43408203125 0.0263671875 0.1298828125
0 0.81982421875 0.47265625 0.08203125 0.400390625
0 0.78662109375 0.49365234375 0.0810546875 0.3974609375
0 0.023193359375 0.4462890625 0.01611328125 0.080078125
0 0.098388671875 0.44970703125 0.01318359375 0.0654296875
0 0.164306640625 0.443359375 0.01416015625 0.0703125
0 0.1552734375 0.44384765625 0.017578125 0.0869140625
0 0.14404296875 0.443359375 0.0166015625 0.08203125
0 0.26513671875 0.439453125 0.0126953125 0.0625
0 0.268310546875 0.4404296875 0.01416015625 0.072265625
0 0.31689453125 0.4345703125 0.0107421875 0.0546875
0 0.310546875 0.4375 0.0107421875 0.0546875
0 0.300048828125 0.43701171875 0.01123046875 0.0556640625
0 0.291748046875 0.4384765625 0.01220703125 0.060546875
0 0.431884765625 0.43994140625 0.01806640625 0.0888671875
0 0.4169921875 0.443359375 0.015625 0.076171875
0 0.45458984375 0.44970703125 0.0146484375 0.0732421875
0 0.472412109375 0.4658203125 0.06884765625 0.3359375
0 0.387939453125 0.4619140625 0.07958984375 0.388671875
0 0.67822265625 0.48828125 0.0634765625 0.310546875
0 0.671142578125 0.46142578125 0.08740234375 0.4287109375
0 0.502685546875 0.501953125 0.10107421875 0.494140625
0 0.20458984375 0.44189453125 0.0185546875 0.0908203125
0 0.18359375 0.44091796875 0.0166015625 0.0810546875
0 0.236572265625 0.4521484375 0.06982421875 0.34375
