0 0.9951171875 0.4033203125 0.005859375 0.029296875
0 0.79296875 0.39501953125 0.0126953125 0.0634765625
0 0.462890625 0.35888671875 0.013671875 0.0693359375
0 0.516357421875 0.38134765625 0.01806640625 0.0888671875
0 0.534423828125 0.390625 0.01806640625 0.087890625
0 0.474365234375 0.39892578125 0.02197265625 0.1083984375
0 0.4462890625 0.42138671875 0.0537109375 0.2646484375
0 0.430908203125 0.4345703125 0.05029296875 0.24609375
0 0.014404296875 0.4150390625 0.02880859375 0.16796875
0 0.106689453125 0.41259765625 0.02392578125 0.1181640625
0 0.09765625 0.408203125 0.02734375 0.134765625
0 0.118408203125 0.4169921875 0.03076171875 0.15234375
0 0.085205078125 0.41796875 0.03271484375 0.16015625
0 0.19287109375 0.408203125 0.029296875 0.142578125
0 0.21337890625 0.4111328125 0.02734375 0.134765625
0 0.29248046875 0.4365234375 0.0458984375 0.224609375
0 0.2724609375 0.4287109375 0.05078125 0.248046875
0 0.647216796875 0.4482421875 0.06787109375 0.33203125
0 0.594970703125 0.4423828125 0.07373046875 0.361328125
0 0.496826171875 0.40234375 0.02392578125 0.1171875
