0 0.229248046875 0.4150390625 0.01220703125 0.0625
0 0.218994140625 0.41796875 0.01123046875 0.056640625
0 0.25048828125 0.41845703125 0.013671875 0.0673828125
0 0.25927734375 0.41748046875 0.0146484375 0.0712890625
0 0.27197265625 0.42626953125 0.01171875 0.0595703125
0 0.26708984375 0.419921875 0.0146484375 0.07421875
0 0.27392578125 0.4296875 0.013671875 0.0703125
0 0.28955078125 0.4150390625 0.013671875 0.06640625
0 0.29931640625 0.41552734375 0.013671875 0.0693359375
0 0.311767578125 0.412109375 0.01513671875 0.07421875
0 0.316650390625 0.4150390625 0.01220703125 0.060546875
0 0.42724609375 0.41455078125 0.0146484375 0.0732421875
0 0.41748046875 0.4150390625 0.0146484375 0.072265625
0 0.407470703125 0.41650390625 0.01416015625 0.0712890625
0 0.62646484375 0.40234375 0.017578125 0.0859375
0 0.611328125 0.40478515625 0.0166015625 0.0830078125
0 0.509765625 0.4052734375 0.0146484375 0.07421875
0 0.753173828125 0.39453125 0.01904296875 0.095703125
0 0.771484375 0.39306640625 0.0205078125 0.1005859375
0 0.910888671875 0.3896484375 0.02001953125 0.09765625
0 0.924072265625 0.3974609375 0.01806640625 0.087890625
0 0.1474609375 0.44091796875 0.0546875 0.2685546875
0 0.03564453125 0.45751953125 0.0517578125 0.2529296875
0 0.17724609375 0.46728515625 0.056640625 0.2783203125
0 0.16552734375 0.4638671875 0.0673828125 0.328125
0 0.123779296875 0.46044921875 0.09033203125 0.4423828125
0 0.07666015625 0.4765625 0.087890625 0.427734375
0 0.490234375 0.49853515625 0.0830078125 0.4072265625
