0 0.8447265625 0.37451171875 0.015625 0.0791015625
0 0.8134765625 0.37744140625 0.013671875 0.0673828125
0 0.79248046875 0.37255859375 0.0126953125 0.0615234375
0 0.78564453125 0.37158203125 0.01171875 0.0576171875
0 0.752197265625 0.3779296875 0.01904296875 0.095703125
0 0.77099609375 0.3798828125 0.017578125 0.087890625
0 0.741943359375 0.3779296875 0.01806640625 0.08984375
0 0.71142578125 0.37744140625 0.0146484375 0.0712890625
0 0.723388671875 0.36962890625 0.02001953125 0.0966796875
0 0.37890625 0.40478515625 0.0302734375 0.1494140625
0 0.3935546875 0.41357421875 0.0302734375 0.1494140625
0 0.25244140625 0.42236328125 0.03125 0.1552734375
0 0.266845703125 0.42333984375 0.02783203125 0.1357421875
0 0.5458984375 0.41796875 0.044921875 0.220703125
0 0.529541015625 0.41943359375 0.05322265625 0.2607421875
0 0.56103515625 0.4384765625 0.05078125 0.25
0 0.21435546875 0.42822265625 0.033203125 0.1630859375
0 0.21630859375 0.43115234375 0.0546875 0.2685546875
0 0.13916015625 0.4189453125 0.046875 0.23046875
0 0.111328125 0.43017578125 0.0615234375 0.3017578125
0 0.1611328125 0.44921875 0.0654296875 0.3203125
0 0.023193359375 0.4599609375 0.04638671875 0.314453125
0 0.731689453125 0.38134765625 0.01611328125 0.0791015625
