0 0.448486328125 0.3076171875 0.00439453125 0.0234375
0 0.463623046875 0.306640625 0.00537109375 0.029296875
0 0.487548828125 0.30859375 0.00537109375 0.02734375
0 0.484130859375 0.3076171875 0.00537109375 0.029296875
0 0.49951171875 0.30859375 0.0048828125 0.025390625
0 0.50439453125 0.30859375 0.005859375 0.029296875
0 0.519287109375 0.310546875 0.00439453125 0.0234375
0 0.3818359375 0.30322265625 0.0048828125 0.0244140625
0 0.0146484375 0.3623046875 0.029296875 0.150390625
0 0.4130859375 0.3837890625 0.005859375 0.029296875
0 0.44140625 0.3798828125 0.00390625 0.01953125
0 0.436767578125 0.37890625 0.00341796875 0.017578125
0 0.45556640625 0.38134765625 0.00390625 0.0205078125
0 0.464111328125 0.39404296875 0.00830078125 0.0419921875
0 0.501953125 0.390625 0.005859375 0.029296875
0 0.50732421875 0.390625 0.005859375 0.029296875
0 0.512939453125 0.3876953125 0.00634765625 0.03515625
0 0.521728515625 0.38671875 0.00537109375 0.02734375
0 0.518310546875 0.38818359375 0.00634765625 0.0322265625
0 0.705810546875 0.43115234375 0.04443359375 0.2177734375
0 0.767578125 0.4169921875 0.0537109375 0.263671875
