0 0.4580078125 0.3935546875 0.01953125 0.095703125
0 0.46875 0.380859375 0.0234375 0.1171875
0 0.52783203125 0.37890625 0.0185546875 0.091796875
0 0.544921875 0.376953125 0.0205078125 0.1015625
0 0.572021484375 0.3828125 0.01123046875 0.056640625
0 0.563720703125 0.375 0.01513671875 0.07421875
0 0.6142578125 0.37646484375 0.0244140625 0.1201171875
0 0.655517578125 0.38623046875 0.02392578125 0.1201171875
0 0.7041015625 0.3876953125 0.025390625 0.123046875
0 0.716796875 0.4033203125 0.0185546875 0.09375
0 0.778076171875 0.4130859375 0.03076171875 0.15234375
0 0.0078125 0.37646484375 0.015625 0.0810546875
0 0.08837890625 0.37744140625 0.0107421875 0.0556640625
0 0.080810546875 0.37353515625 0.01123046875 0.0556640625
0 0.87548828125 0.39306640625 0.0302734375 0.1474609375
0 0.7333984375 0.38427734375 0.0263671875 0.1298828125
0 0.447509765625 0.38916015625 0.02001953125 0.1005859375
0 0.877685546875 0.3916015625 0.02880859375 0.142578125
