0 0.15869140625 0.376953125 0.0107421875 0.052734375
0 0.007080078125 0.3759765625 0.01416015625 0.080078125
0 0.57470703125 0.28076171875 0.005859375 0.0302734375
0 0.974609375 0.39013671875 0.0498046875 0.3017578125
0 0.886962890625 0.404296875 0.04736328125 0.234375
0 0.7822265625 0.41845703125 0.052734375 0.2568359375
0 0.73876953125 0.43994140625 0.0546875 0.2666015625
0 0.673095703125 0.43359375 0.05322265625 0.26171875
0 0.058349609375 0.4462890625 0.04931640625 0.2421875
0 0.037109375 0.4365234375 0.0537109375 0.263671875
0 0.18994140625 0.44287109375 0.048828125 0.2412109375
0 0.204833984375 0.44140625 0.04833984375 0.23828125
0 0.104736328125 0.45458984375 0.05322265625 0.2607421875
0 0.348388671875 0.4189453125 0.05615234375 0.275390625
0 0.353271484375 0.43701171875 0.05029296875 0.2470703125
0 0.3623046875 0.240234375 0.0048828125 0.025390625
0 0.366455078125 0.23974609375 0.00439453125 0.0224609375
0 0.448974609375 0.4267578125 0.06201171875 0.302734375
0 0.50830078125 0.44775390625 0.05078125 0.2490234375
