0 0.98779296875 0.35107421875 0.0234375 0.2275390625
0 0.833740234375 0.36572265625 0.02392578125 0.1201171875
0 0.83349609375 0.3740234375 0.025390625 0.125
0 0.639892578125 0.37890625 0.00732421875 0.037109375
0 0.715087890625 0.38671875 0.01220703125 0.060546875
0 0.841796875 0.37353515625 0.03125 0.1552734375
0 0.781494140625 0.376953125 0.02978515625 0.146484375
0 0.727294921875 0.3798828125 0.01708984375 0.083984375
0 0.740478515625 0.3837890625 0.03369140625 0.1640625
0 0.648193359375 0.3828125 0.01611328125 0.080078125
0 0.7060546875 0.38037109375 0.015625 0.0791015625
0 0.68798828125 0.37646484375 0.0185546875 0.0908203125
0 0.658935546875 0.38330078125 0.01513671875 0.0751953125
0 0.62060546875 0.38525390625 0.0087890625 0.0439453125
0 0.672607421875 0.38427734375 0.02099609375 0.1025390625
0 0.6328125 0.3837890625 0.0126953125 0.064453125
0 0.609130859375 0.38671875 0.01123046875 0.056640625
0 0.59814453125 0.37890625 0.0068359375 0.03515625
0 0.523681640625 0.37841796875 0.00439453125 0.0244140625
0 0.516357421875 0.37744140625 0.00439453125 0.0224609375
0 0.45458984375 0.39111328125 0.005859375 0.0302734375
0 0.4091796875 0.39501953125 0.0068359375 0.0361328125
0 0.39208984375 0.400390625 0.0068359375 0.033203125
0 0.66162109375 0.37939453125 0.013671875 0.0673828125
0 0.397216796875 0.396484375 0.00732421875 0.037109375
0 0.38916015625 0.39794921875 0.0078125 0.0380859375
0 0.326416015625 0.39453125 0.00634765625 0.033203125
0 0.3525390625 0.39404296875 0.005859375 0.0283203125
0 0.337646484375 0.3984375 0.00537109375 0.02734375
0 0.3310546875 0.3916015625 0.0048828125 0.025390625
0 0.333984375 0.41015625 0.0068359375 0.033203125
0 0.3310546875 0.4130859375 0.0078125 0.0390625
0 0.322021484375 0.39599609375 0.00537109375 0.0263671875
0 0.318603515625 0.39599609375 0.00537109375 0.0283203125
0 0.304443359375 0.3994140625 0.00537109375 0.02734375
