0 0.584716796875 0.39208984375 0.00634765625 0.0322265625
0 0.619140625 0.3935546875 0.0078125 0.0390625
0 0.87890625 0.4140625 0.0263671875 0.12890625
0 0.2060546875 0.37646484375 0.0068359375 0.0341796875
0 0.21044921875 0.38232421875 0.0078125 0.0380859375
0 0.220947265625 0.37646484375 0.00537109375 0.0283203125
0 0.218017578125 0.38427734375 0.00732421875 0.0380859375
0 0.180419921875 0.38134765625 0.00830078125 0.0419921875
0 0.244873046875 0.38232421875 0.00732421875 0.0361328125
0 0.199462890625 0.37890625 0.00732421875 0.037109375
0 0.3857421875 0.38720703125 0.0029296875 0.0166015625
0 0.38818359375 0.38330078125 0.00390625 0.0224609375
0 0.19384765625 0.380859375 0.0078125 0.0390625
