0 0.049072265625 0.431640625 0.01123046875 0.056640625
0 0.112548828125 0.4267578125 0.01416015625 0.0703125
0 0.105224609375 0.4267578125 0.01416015625 0.0703125
0 0.13037109375 0.44873046875 0.01953125 0.0986328125
0 0.140625 0.4482421875 0.033203125 0.162109375
0 0.19189453125 0.45263671875 0.0263671875 0.1298828125
0 0.17578125 0.45654296875 0.025390625 0.1240234375
0 0.18017578125 0.46142578125 0.029296875 0.1455078125
0 0.203857421875 0.4501953125 0.03369140625 0.166015625
0 0.017578125 0.44287109375 0.017578125 0.0888671875
0 0.2763671875 0.44287109375 0.02734375 0.1337890625
0 0.26904296875 0.44970703125 0.0361328125 0.1767578125
0 0.25634765625 0.45654296875 0.03515625 0.1728515625
0 0.236083984375 0.4560546875 0.03466796875 0.171875
0 0.29443359375 0.4560546875 0.029296875 0.142578125
0 0.334716796875 0.443359375 0.02197265625 0.107421875
0 0.303955078125 0.45703125 0.03857421875 0.189453125
0 0.318115234375 0.45849609375 0.03857421875 0.1884765625
0 0.47705078125 0.43017578125 0.01953125 0.0966796875
0 0.4296875 0.435546875 0.01953125 0.095703125
0 0.40087890625 0.46875 0.0400390625 0.197265625
0 0.444580078125 0.4326171875 0.02099609375 0.1015625
0 0.42529296875 0.46044921875 0.033203125 0.1630859375
0 0.419677734375 0.46875 0.04052734375 0.19921875
0 0.462890625 0.45654296875 0.03515625 0.1728515625
0 0.517333984375 0.42431640625 0.01513671875 0.0732421875
0 0.521240234375 0.44091796875 0.01904296875 0.0927734375
0 0.51171875 0.451171875 0.0224609375 0.111328125
0 0.5546875 0.4462890625 0.025390625 0.125
0 0.53125 0.45556640625 0.0205078125 0.1025390625
0 0.539794921875 0.44580078125 0.02880859375 0.1435546875
0 0.59033203125 0.4248046875 0.01953125 0.095703125
0 0.574951171875 0.453125 0.04443359375 0.21875
0 0.653564453125 0.42529296875 0.01708984375 0.0830078125
0 0.6435546875 0.42626953125 0.017578125 0.0869140625
0 0.630859375 0.42626953125 0.0185546875 0.0927734375
0 0.603515625 0.46826171875 0.0478515625 0.2353515625
0 0.687255859375 0.41650390625 0.02099609375 0.1044921875
0 0.6796875 0.46728515625 0.037109375 0.1826171875
0 0.772705078125 0.45751953125 0.04248046875 0.2099609375
0 0.66796875 0.4609375 0.052734375 0.2578125
0 0.94775390625 0.46533203125 0.05078125 0.2509765625
0 0.71044921875 0.45166015625 0.0576171875 0.2841796875
0 0.745849609375 0.46875 0.05419921875 0.263671875
0 0.794921875 0.45263671875 0.0439453125 0.2158203125
