0 0.868896484375 0.39501953125 0.00537109375 0.0283203125
0 0.84716796875 0.4033203125 0.0078125 0.037109375
0 0.83935546875 0.39892578125 0.0087890625 0.0419921875
0 0.69970703125 0.416015625 0.0107421875 0.0546875
0 0.603271484375 0.41796875 0.00927734375 0.046875
0 0.533935546875 0.42138671875 0.01123046875 0.0556640625
0 0.512939453125 0.423828125 0.01220703125 0.0625
0 0.483154296875 0.42529296875 0.01220703125 0.0615234375
0 0.467041015625 0.42578125 0.01123046875 0.056640625
0 0.4521484375 0.427734375 0.01171875 0.05859375
0 0.4365234375 0.42919921875 0.01171875 0.0576171875
0 0.688232421875 0.4228515625 0.02392578125 0.119140625
0 0.73291015625 0.49609375 0.0947265625 0.462890625
0 0.892333984375 0.51025390625 0.11376953125 0.5556640625
0 0.39697265625 0.42822265625 0.013671875 0.0673828125
0 0.384765625 0.43408203125 0.0126953125 0.0634765625
0 0.33837890625 0.4326171875 0.013671875 0.068359375
0 0.32373046875 0.43017578125 0.015625 0.0771484375
0 0.302001953125 0.43310546875 0.01513671875 0.0751953125
0 0.0693359375 0.43896484375 0.0166015625 0.0810546875
0 0.22021484375 0.43017578125 0.021484375 0.1083984375
0 0.10888671875 0.4541015625 0.0126953125 0.064453125
0 0.264404296875 0.57080078125 0.14013671875 0.6845703125
0 0.413330078125 0.42822265625 0.01318359375 0.0673828125
