0 0.27490234375 0.41845703125 0.0107421875 0.0537109375
0 0.652099609375 0.404296875 0.01025390625 0.052734375
0 0.147216796875 0.4326171875 0.02880859375 0.140625
0 0.11328125 0.43115234375 0.029296875 0.1435546875
0 0.019775390625 0.42724609375 0.01025390625 0.0517578125
0 0.033935546875 0.4267578125 0.01318359375 0.06640625
0 0.244384765625 0.41650390625 0.00634765625 0.0322265625
0 0.28466796875 0.4140625 0.009765625 0.05078125
0 0.289794921875 0.41455078125 0.01025390625 0.0517578125
0 0.294921875 0.4130859375 0.01171875 0.060546875
0 0.35107421875 0.41162109375 0.00390625 0.0205078125
0 0.347900390625 0.4111328125 0.00439453125 0.0234375
0 0.34375 0.41259765625 0.00390625 0.0205078125
0 0.453125 0.4130859375 0.005859375 0.029296875
0 0.466796875 0.41796875 0.013671875 0.06640625
0 0.479248046875 0.41796875 0.00341796875 0.01953125
0 0.50390625 0.40771484375 0.0048828125 0.0263671875
0 0.5009765625 0.40869140625 0.0048828125 0.0263671875
0 0.492919921875 0.4091796875 0.00634765625 0.033203125
0 0.49072265625 0.40771484375 0.0068359375 0.0361328125
0 0.49658203125 0.4091796875 0.005859375 0.029296875
0 0.4873046875 0.4091796875 0.0166015625 0.083984375
0 0.5361328125 0.4052734375 0.0068359375 0.033203125
0 0.532470703125 0.40966796875 0.00830078125 0.0400390625
0 0.572265625 0.40087890625 0.0078125 0.0400390625
0 0.607177734375 0.40087890625 0.00830078125 0.0400390625
0 0.623046875 0.404296875 0.0078125 0.0390625
0 0.640625 0.3994140625 0.0078125 0.0390625
0 0.640625 0.40966796875 0.0068359375 0.0341796875
0 0.660888671875 0.40087890625 0.00830078125 0.0439453125
0 0.667724609375 0.400390625 0.00927734375 0.046875
0 0.42333984375 0.4150390625 0.005859375 0.029296875
0 0.09228515625 0.4384765625 0.0166015625 0.08203125
0 0.07958984375 0.44140625 0.0283203125 0.138671875
