0 0.765869140625 0.35107421875 0.00634765625 0.0322265625
0 0.770263671875 0.3515625 0.00634765625 0.03125
0 0.5546875 0.33984375 0.009765625 0.05078125
0 0.551025390625 0.34033203125 0.01123046875 0.0576171875
0 0.534423828125 0.3388671875 0.01025390625 0.05078125
0 0.54345703125 0.3388671875 0.0107421875 0.0546875
0 0.367919921875 0.35205078125 0.00927734375 0.0458984375
0 0.340087890625 0.345703125 0.01416015625 0.0703125
0 0.357666015625 0.34521484375 0.01806640625 0.0888671875
0 0.35205078125 0.34326171875 0.0205078125 0.1025390625
0 0.315185546875 0.30810546875 0.01904296875 0.0927734375
0 0.307861328125 0.30712890625 0.01904296875 0.0947265625
0 0.27490234375 0.30712890625 0.0185546875 0.0927734375
0 0.238525390625 0.29736328125 0.01806640625 0.0888671875
0 0.387451171875 0.357421875 0.01806640625 0.08984375
0 0.227294921875 0.28125 0.02197265625 0.107421875
0 0.099609375 0.376953125 0.0263671875 0.130859375
0 0.1044921875 0.38232421875 0.025390625 0.1259765625
0 0.09716796875 0.38134765625 0.02734375 0.1337890625
0 0.414306640625 0.38427734375 0.02587890625 0.1279296875
0 0.91455078125 0.3427734375 0.0087890625 0.044921875
0 0.740478515625 0.3828125 0.02099609375 0.103515625
0 0.755615234375 0.375 0.02490234375 0.123046875
0 0.564453125 0.3974609375 0.0263671875 0.12890625
0 0.58837890625 0.396484375 0.02734375 0.134765625
0 0.641845703125 0.40625 0.02783203125 0.13671875
0 0.659912109375 0.41796875 0.02880859375 0.140625
