0 0.077880859375 0.3740234375 0.01318359375 0.06640625
0 0.08935546875 0.37646484375 0.0107421875 0.0517578125
0 0.096435546875 0.37255859375 0.01416015625 0.0712890625
0 0.11865234375 0.37060546875 0.013671875 0.0693359375
0 0.107177734375 0.37060546875 0.01318359375 0.0673828125
0 0.131591796875 0.3896484375 0.01904296875 0.09375
0 0.1533203125 0.39013671875 0.0185546875 0.0927734375
0 0.190673828125 0.38330078125 0.01806640625 0.0908203125
0 0.197265625 0.3828125 0.01953125 0.09765625
0 0.23681640625 0.37939453125 0.0205078125 0.1005859375
0 0.225830078125 0.3876953125 0.01806640625 0.08984375
0 0.662353515625 0.361328125 0.00732421875 0.037109375
0 0.50927734375 0.3720703125 0.0078125 0.041015625
0 0.392578125 0.3720703125 0.0146484375 0.072265625
0 0.4072265625 0.36669921875 0.013671875 0.0673828125
0 0.60205078125 0.38720703125 0.01953125 0.0966796875
0 0.59326171875 0.38720703125 0.0185546875 0.0927734375
0 0.67333984375 0.39208984375 0.0185546875 0.0908203125
0 0.705322265625 0.3857421875 0.02001953125 0.099609375
0 0.7060546875 0.38671875 0.01953125 0.095703125
