0 0.639892578125 0.35595703125 0.00146484375 0.0087890625
0 0.636474609375 0.3564453125 0.00146484375 0.009765625
0 0.504150390625 0.37548828125 0.00341796875 0.0185546875
0 0.457275390625 0.2080078125 0.01025390625 0.05078125
0 0.453857421875 0.21044921875 0.01025390625 0.0498046875
0 0.19580078125 0.2236328125 0.009765625 0.048828125
0 0.0078125 0.42578125 0.015625 0.099609375
0 0.7314453125 0.3828125 0.0068359375 0.033203125
0 0.8671875 0.3564453125 0.0107421875 0.0546875
0 0.51318359375 0.37841796875 0.00390625 0.0205078125
