0 0.17626953125 0.41064453125 0.0126953125 0.0634765625
0 0.199462890625 0.408203125 0.01318359375 0.06640625
0 0.193115234375 0.40771484375 0.01416015625 0.0693359375
0 0.183349609375 0.4130859375 0.01220703125 0.060546875
0 0.27685546875 0.4150390625 0.0146484375 0.07421875
0 0.285888671875 0.4130859375 0.01513671875 0.076171875
0 0.45751953125 0.3984375 0.015625 0.078125
0 0.45068359375 0.3974609375 0.0166015625 0.083984375
0 0.520263671875 0.4013671875 0.01806640625 0.08984375
0 0.373291015625 0.39990234375 0.01806640625 0.0888671875
0 0.531494140625 0.4052734375 0.01708984375 0.083984375
0 0.558349609375 0.40185546875 0.01611328125 0.0791015625
0 0.578125 0.396484375 0.017578125 0.087890625
0 0.570556640625 0.3935546875 0.01904296875 0.095703125
0 0.61376953125 0.39404296875 0.017578125 0.0869140625
0 0.642822265625 0.39208984375 0.01611328125 0.0810546875
0 0.65771484375 0.3876953125 0.0185546875 0.08984375
0 0.38720703125 0.43896484375 0.0673828125 0.3310546875
0 0.423583984375 0.453125 0.06689453125 0.328125
0 0.3369140625 0.4306640625 0.0810546875 0.39453125
0 0.251708984375 0.4833984375 0.07177734375 0.353515625
0 0.017822265625 0.4697265625 0.03564453125 0.283203125
