0 0.5400390625 0.40283203125 0.0107421875 0.0537109375
0 0.626953125 0.416015625 0.017578125 0.0859375
0 0.556640625 0.4091796875 0.01171875 0.05859375
0 0.5517578125 0.4052734375 0.01171875 0.05859375
0 0.563232421875 0.40771484375 0.01123046875 0.0556640625
0 0.554443359375 0.40869140625 0.01123046875 0.0576171875
0 0.59765625 0.408203125 0.0126953125 0.0625
0 0.65869140625 0.3994140625 0.015625 0.078125
0 0.68701171875 0.4091796875 0.0185546875 0.091796875
0 0.67138671875 0.40869140625 0.02734375 0.1337890625
0 0.648193359375 0.40673828125 0.02099609375 0.1025390625
0 0.73681640625 0.40185546875 0.0302734375 0.1494140625
0 0.710205078125 0.419921875 0.03271484375 0.16015625
0 0.828857421875 0.40380859375 0.02587890625 0.1279296875
0 0.806396484375 0.400390625 0.02490234375 0.123046875
0 0.772216796875 0.40380859375 0.03662109375 0.1826171875
0 0.943603515625 0.38720703125 0.02685546875 0.1318359375
