0 0.125732421875 0.45703125 0.00830078125 0.04296875
0 0.13427734375 0.455078125 0.005859375 0.029296875
0 0.191650390625 0.4423828125 0.00732421875 0.037109375
0 0.195556640625 0.44677734375 0.00732421875 0.0380859375
0 0.205322265625 0.447265625 0.00634765625 0.03125
0 0.22265625 0.4462890625 0.005859375 0.03125
0 0.226806640625 0.44384765625 0.00732421875 0.0361328125
0 0.28271484375 0.44140625 0.0126953125 0.0625
0 0.52294921875 0.42578125 0.017578125 0.0859375
0 0.53515625 0.42578125 0.015625 0.078125
0 0.7099609375 0.41650390625 0.01953125 0.0947265625
0 0.86865234375 0.416015625 0.0126953125 0.060546875
0 0.8759765625 0.41064453125 0.009765625 0.0498046875
0 0.880859375 0.41650390625 0.013671875 0.0673828125
0 0.969482421875 0.44873046875 0.06005859375 0.3173828125
0 0.978759765625 0.45751953125 0.04150390625 0.3740234375
0 0.920166015625 0.4345703125 0.04541015625 0.22265625
0 0.90380859375 0.44287109375 0.0458984375 0.2255859375
0 0.735595703125 0.4453125 0.05615234375 0.27734375
0 0.818603515625 0.4501953125 0.04833984375 0.236328125
0 0.85888671875 0.44677734375 0.0478515625 0.2353515625
0 0.787353515625 0.44970703125 0.05908203125 0.2900390625
0 0.753173828125 0.45849609375 0.05517578125 0.2705078125
0 0.728271484375 0.4423828125 0.06103515625 0.30078125
0 0.75 0.4609375 0.064453125 0.31640625
0 0.818603515625 0.4716796875 0.08154296875 0.3984375
0 0.851806640625 0.5400390625 0.08056640625 0.39453125
0 0.581298828125 0.4453125 0.03564453125 0.17578125
0 0.617919921875 0.44873046875 0.05224609375 0.2548828125
0 0.639404296875 0.44677734375 0.05712890625 0.2802734375
0 0.552978515625 0.44482421875 0.04248046875 0.2099609375
0 0.501953125 0.47509765625 0.0537109375 0.2626953125
0 0.496826171875 0.45849609375 0.06396484375 0.3154296875
0 0.573486328125 0.47900390625 0.08251953125 0.4052734375
0 0.619384765625 0.56298828125 0.06689453125 0.3271484375
0 0.3310546875 0.46435546875 0.041015625 0.2021484375
0 0.39794921875 0.47509765625 0.0517578125 0.2548828125
0 0.41162109375 0.44873046875 0.0654296875 0.3193359375
0 0.262451171875 0.4716796875 0.04345703125 0.212890625
0 0.036376953125 0.466796875 0.00927734375 0.048828125
0 0.02294921875 0.4658203125 0.01171875 0.056640625
0 0.03076171875 0.462890625 0.01171875 0.05859375
0 0.053955078125 0.462890625 0.01025390625 0.05078125
0 0.044677734375 0.4658203125 0.01025390625 0.052734375
0 0.16455078125 0.4521484375 0.0341796875 0.16796875
0 0.130126953125 0.45751953125 0.00732421875 0.0361328125
0 0.944580078125 0.427734375 0.04052734375 0.19921875
0 0.95703125 0.423828125 0.04296875 0.2109375
0 0.9580078125 0.44677734375 0.044921875 0.2216796875
0 0.08740234375 0.4677734375 0.0302734375 0.1484375
0 0.073974609375 0.46630859375 0.03173828125 0.1572265625
0 0.17822265625 0.45849609375 0.02734375 0.1357421875
