0 0.346923828125 0.36962890625 0.01318359375 0.0634765625
0 0.020751953125 0.404296875 0.01806640625 0.08984375
0 0.625244140625 0.4287109375 0.03369140625 0.166015625
0 0.9150390625 0.4111328125 0.0556640625 0.2734375
0 0.666259765625 0.4169921875 0.04052734375 0.201171875
0 0.89111328125 0.40966796875 0.048828125 0.2392578125
0 0.642333984375 0.42138671875 0.03369140625 0.1669921875
0 0.850341796875 0.431640625 0.05810546875 0.28515625
0 0.89404296875 0.4287109375 0.0595703125 0.29296875
0 0.782958984375 0.3974609375 0.03955078125 0.1953125
0 0.73681640625 0.404296875 0.0390625 0.193359375
0 0.602783203125 0.38623046875 0.01513671875 0.0751953125
