0 0.545166015625 0.380859375 0.01123046875 0.056640625
0 0.590576171875 0.37451171875 0.01806640625 0.0888671875
0 0.607666015625 0.3779296875 0.01611328125 0.080078125
0 0.61865234375 0.375 0.0146484375 0.072265625
0 0.37158203125 0.38525390625 0.0244140625 0.1201171875
0 0.555419921875 0.3798828125 0.02294921875 0.11328125
0 0.635986328125 0.38134765625 0.05517578125 0.2705078125
0 0.529541015625 0.37548828125 0.01123046875 0.0556640625
0 0.537841796875 0.3798828125 0.00732421875 0.037109375
0 0.5390625 0.3935546875 0.005859375 0.03125
