0 0.11962890625 0.39697265625 0.0068359375 0.0361328125
0 0.04443359375 0.40478515625 0.0087890625 0.0458984375
0 0.522705078125 0.390625 0.00927734375 0.046875
0 0.504638671875 0.388671875 0.00830078125 0.041015625
0 0.5556640625 0.3916015625 0.01171875 0.05859375
0 0.584716796875 0.4013671875 0.01513671875 0.07421875
0 0.601806640625 0.39501953125 0.01416015625 0.0712890625
0 0.616943359375 0.40234375 0.01513671875 0.076171875
0 0.7138671875 0.40380859375 0.021484375 0.1064453125
0 0.672119140625 0.4013671875 0.01611328125 0.080078125
0 0.652099609375 0.40478515625 0.02099609375 0.1025390625
0 0.6630859375 0.4091796875 0.02734375 0.13671875
0 0.705810546875 0.39306640625 0.01611328125 0.0791015625
0 0.69873046875 0.4052734375 0.01953125 0.09765625
0 0.723388671875 0.40087890625 0.02880859375 0.1435546875
0 0.6787109375 0.41259765625 0.0224609375 0.1103515625
0 0.743408203125 0.4013671875 0.02587890625 0.126953125
0 0.77197265625 0.3857421875 0.0302734375 0.1484375
0 0.764892578125 0.39404296875 0.04443359375 0.2197265625
0 0.806396484375 0.39990234375 0.03369140625 0.1669921875
0 0.8076171875 0.3974609375 0.0400390625 0.1953125
0 0.969970703125 0.4169921875 0.04736328125 0.232421875
