0 0.025390625 0.43212890625 0.0234375 0.1162109375
0 0.0478515625 0.42138671875 0.0185546875 0.0927734375
0 0.1611328125 0.41796875 0.01171875 0.05859375
0 0.38134765625 0.3994140625 0.0126953125 0.064453125
0 0.417236328125 0.39697265625 0.00927734375 0.0458984375
0 0.427978515625 0.3955078125 0.01025390625 0.05078125
0 0.543701171875 0.38037109375 0.00927734375 0.0458984375
0 0.62158203125 0.3720703125 0.0078125 0.0390625
0 0.62890625 0.37109375 0.0087890625 0.044921875
0 0.637939453125 0.37060546875 0.00927734375 0.0458984375
0 0.67333984375 0.369140625 0.0078125 0.041015625
0 0.68408203125 0.3701171875 0.0078125 0.041015625
0 0.692138671875 0.369140625 0.00830078125 0.041015625
