0 0.2568359375 0.392578125 0.00390625 0.021484375
0 0.251708984375 0.3935546875 0.00439453125 0.021484375
0 0.240966796875 0.390625 0.00439453125 0.0234375
0 0.199951171875 0.39794921875 0.00830078125 0.0419921875
0 0.611572265625 0.3994140625 0.03173828125 0.154296875
0 0.623779296875 0.41357421875 0.02978515625 0.1455078125
0 0.606689453125 0.41064453125 0.02880859375 0.1435546875
0 0.637939453125 0.412109375 0.03173828125 0.158203125
0 0.6591796875 0.40625 0.0224609375 0.109375
0 0.684326171875 0.39697265625 0.02587890625 0.1259765625
