0 0.641357421875 0.36181640625 0.00732421875 0.0361328125
0 0.69775390625 0.3701171875 0.009765625 0.048828125
0 0.81005859375 0.39697265625 0.0078125 0.0380859375
0 0.80419921875 0.39453125 0.0078125 0.041015625
0 0.800537109375 0.39990234375 0.00830078125 0.0419921875
0 0.764892578125 0.40625 0.01318359375 0.064453125
0 0.77392578125 0.40625 0.013671875 0.068359375
0 0.718017578125 0.39111328125 0.00830078125 0.0419921875
0 0.68505859375 0.43408203125 0.0341796875 0.1689453125
0 0.5791015625 0.43603515625 0.0341796875 0.1669921875
0 0.40576171875 0.35595703125 0.013671875 0.0693359375
0 0.4189453125 0.36572265625 0.0087890625 0.0439453125
0 0.44580078125 0.35693359375 0.009765625 0.0478515625
0 0.470458984375 0.42919921875 0.03369140625 0.1669921875
0 0.46337890625 0.4423828125 0.0322265625 0.16015625
0 0.421875 0.39892578125 0.0126953125 0.0634765625
0 0.467529296875 0.4365234375 0.04052734375 0.197265625
0 0.435546875 0.43798828125 0.037109375 0.1806640625
0 0.436767578125 0.43359375 0.04541015625 0.22265625
0 0.51611328125 0.43505859375 0.03125 0.1552734375
0 0.528564453125 0.427734375 0.03662109375 0.181640625
0 0.349853515625 0.3369140625 0.00439453125 0.0234375
0 0.34423828125 0.34619140625 0.009765625 0.0498046875
0 0.3359375 0.35498046875 0.01171875 0.0576171875
0 0.356201171875 0.3369140625 0.00439453125 0.0234375
0 0.369384765625 0.33837890625 0.00634765625 0.0322265625
0 0.37890625 0.35107421875 0.009765625 0.0498046875
0 0.385986328125 0.35595703125 0.01220703125 0.0615234375
0 0.36669921875 0.35302734375 0.01171875 0.0576171875
0 0.30859375 0.3564453125 0.0107421875 0.0546875
0 0.318359375 0.3642578125 0.0107421875 0.0546875
0 0.32666015625 0.38623046875 0.0205078125 0.1025390625
0 0.367919921875 0.3505859375 0.00634765625 0.033203125
0 0.336669921875 0.4208984375 0.03076171875 0.15234375
0 0.3408203125 0.44091796875 0.02734375 0.1337890625
0 0.3681640625 0.37353515625 0.0078125 0.0400390625
0 0.3515625 0.43359375 0.03125 0.15625
0 0.362548828125 0.4033203125 0.01806640625 0.087890625
0 0.388427734375 0.42138671875 0.02978515625 0.1455078125
0 0.39697265625 0.42626953125 0.03125 0.1552734375
0 0.377685546875 0.42919921875 0.03369140625 0.1650390625
0 0.3583984375 0.4326171875 0.0400390625 0.1953125
0 0.0615234375 0.35400390625 0.01171875 0.0595703125
0 0.051025390625 0.35693359375 0.01220703125 0.0615234375
0 0.066650390625 0.33935546875 0.01708984375 0.0869140625
0 0.124755859375 0.34619140625 0.01513671875 0.0751953125
0 0.115478515625 0.34375 0.01904296875 0.09375
0 0.084716796875 0.3466796875 0.01611328125 0.080078125
0 0.090576171875 0.34619140625 0.01611328125 0.0791015625
0 0.1005859375 0.33642578125 0.0185546875 0.0927734375
0 0.109619140625 0.33984375 0.01904296875 0.095703125
0 0.132080078125 0.3408203125 0.02001953125 0.09765625
0 0.09912109375 0.36962890625 0.0205078125 0.1005859375
0 0.150634765625 0.34228515625 0.01904296875 0.0947265625
0 0.110107421875 0.39306640625 0.02978515625 0.1455078125
0 0.169921875 0.35498046875 0.0146484375 0.0732421875
0 0.16064453125 0.39892578125 0.0244140625 0.1201171875
0 0.146240234375 0.39208984375 0.03076171875 0.1533203125
0 0.129150390625 0.400390625 0.02685546875 0.1328125
0 0.177490234375 0.40625 0.02978515625 0.14453125
0 0.039306640625 0.4033203125 0.02783203125 0.13671875
0 0.0263671875 0.40234375 0.0322265625 0.158203125
0 0.070068359375 0.40478515625 0.02978515625 0.1474609375
0 0.289794921875 0.3447265625 0.00830078125 0.041015625
0 0.262939453125 0.34326171875 0.01123046875 0.0576171875
0 0.246337890625 0.34619140625 0.01123046875 0.0556640625
0 0.222412109375 0.3466796875 0.01123046875 0.0546875
0 0.23095703125 0.34130859375 0.0087890625 0.0439453125
0 0.229248046875 0.34765625 0.01123046875 0.056640625
0 0.20361328125 0.35107421875 0.009765625 0.0498046875
0 0.206298828125 0.35791015625 0.00927734375 0.0478515625
0 0.195556640625 0.34130859375 0.01611328125 0.0810546875
0 0.23486328125 0.3486328125 0.013671875 0.068359375
0 0.21875 0.3525390625 0.0126953125 0.0625
0 0.18798828125 0.41064453125 0.0380859375 0.1865234375
0 0.273681640625 0.3486328125 0.01318359375 0.06640625
0 0.2568359375 0.4013671875 0.02734375 0.134765625
0 0.2109375 0.41455078125 0.0302734375 0.1513671875
0 0.2666015625 0.4130859375 0.0283203125 0.140625
0 0.2041015625 0.43212890625 0.0234375 0.1162109375
0 0.29443359375 0.39599609375 0.025390625 0.1259765625
0 0.28369140625 0.4228515625 0.037109375 0.181640625
0 0.244140625 0.4306640625 0.0390625 0.19140625
0 0.240234375 0.4326171875 0.041015625 0.203125
0 0.1943359375 0.44287109375 0.03515625 0.1728515625
0 0.1796875 0.44189453125 0.0361328125 0.1787109375
0 0.217041015625 0.44140625 0.04052734375 0.19921875
0 0.317138671875 0.43798828125 0.03857421875 0.1884765625
