0 0.51171875 0.3349609375 0.0078125 0.0390625
0 0.864501953125 0.36083984375 0.04443359375 0.2177734375
0 0.85400390625 0.3759765625 0.04296875 0.212890625
0 0.947509765625 0.35888671875 0.05126953125 0.2529296875
0 0.437255859375 0.33837890625 0.00830078125 0.0419921875
0 0.442626953125 0.3427734375 0.01025390625 0.05078125
0 0.428955078125 0.3408203125 0.00830078125 0.04296875
0 0.359130859375 0.353515625 0.01025390625 0.052734375
0 0.05712890625 0.3876953125 0.015625 0.078125
0 0.068603515625 0.38671875 0.01708984375 0.083984375
