0 0.49560546875 0.42724609375 0.0205078125 0.1005859375
0 0.48974609375 0.4267578125 0.01953125 0.09765625
0 0.479248046875 0.4248046875 0.02197265625 0.109375
0 0.493896484375 0.4326171875 0.02099609375 0.103515625
0 0.588623046875 0.4208984375 0.01123046875 0.0546875
0 0.615234375 0.412109375 0.015625 0.078125
0 0.5693359375 0.42724609375 0.021484375 0.1064453125
0 0.6435546875 0.44677734375 0.0595703125 0.2900390625
0 0.664306640625 0.4365234375 0.06689453125 0.328125
0 0.51953125 0.43115234375 0.0185546875 0.0927734375
0 0.380615234375 0.42236328125 0.00830078125 0.0400390625
0 0.37255859375 0.421875 0.0087890625 0.04296875
0 0.362060546875 0.4208984375 0.00830078125 0.04296875
0 0.38720703125 0.42626953125 0.0107421875 0.0537109375
0 0.384033203125 0.431640625 0.01123046875 0.0546875
0 0.40576171875 0.431640625 0.01953125 0.09765625
0 0.34423828125 0.419921875 0.0087890625 0.044921875
0 0.338623046875 0.419921875 0.00927734375 0.046875
0 0.330810546875 0.419921875 0.00927734375 0.046875
0 0.22607421875 0.4345703125 0.021484375 0.10546875
0 0.2109375 0.43359375 0.0224609375 0.111328125
0 0.04736328125 0.419921875 0.0224609375 0.111328125
0 0.03515625 0.4189453125 0.021484375 0.10546875
0 0.013916015625 0.42333984375 0.02294921875 0.1123046875
0 0.0068359375 0.4326171875 0.013671875 0.12890625
0 0.25146484375 0.43994140625 0.01953125 0.0986328125
0 0.26904296875 0.4453125 0.0185546875 0.091796875
