0 0.298095703125 0.4169921875 0.00537109375 0.029296875
0 0.325927734375 0.41455078125 0.00537109375 0.0263671875
0 0.33447265625 0.416015625 0.005859375 0.03125
0 0.3408203125 0.41259765625 0.005859375 0.0283203125
0 0.438720703125 0.43359375 0.02197265625 0.109375
0 0.439453125 0.44140625 0.0205078125 0.103515625
0 0.471923828125 0.447265625 0.03076171875 0.15234375
0 0.443603515625 0.443359375 0.03369140625 0.166015625
0 0.664306640625 0.45166015625 0.03857421875 0.1884765625
0 0.61474609375 0.4453125 0.041015625 0.201171875
0 0.70947265625 0.4384765625 0.04296875 0.208984375
0 0.8798828125 0.43359375 0.0625 0.306640625
0 0.924560546875 0.45654296875 0.07470703125 0.3662109375
0 0.866455078125 0.447265625 0.08056640625 0.392578125
0 0.835205078125 0.44140625 0.08935546875 0.435546875
0 0.870849609375 0.4228515625 0.06201171875 0.3046875
