0 0.391357421875 0.3955078125 0.00732421875 0.037109375
0 0.43701171875 0.3994140625 0.005859375 0.029296875
0 0.4765625 0.39892578125 0.005859375 0.0283203125
0 0.45361328125 0.3994140625 0.005859375 0.029296875
0 0.42822265625 0.39892578125 0.005859375 0.0302734375
0 0.419677734375 0.39404296875 0.00830078125 0.0419921875
0 0.5126953125 0.3984375 0.005859375 0.03125
0 0.483154296875 0.4033203125 0.00537109375 0.02734375
0 0.525634765625 0.39892578125 0.00634765625 0.0341796875
0 0.551513671875 0.39111328125 0.01318359375 0.0673828125
0 0.56884765625 0.39306640625 0.013671875 0.0673828125
0 0.675537109375 0.38916015625 0.02099609375 0.1025390625
0 0.726318359375 0.3935546875 0.04052734375 0.201171875
0 0.764892578125 0.396484375 0.04052734375 0.197265625
0 0.373291015625 0.396484375 0.00830078125 0.041015625
0 0.29736328125 0.39794921875 0.0087890625 0.0439453125
0 0.292236328125 0.40185546875 0.00927734375 0.0478515625
0 0.286865234375 0.40283203125 0.00732421875 0.0361328125
0 0.281982421875 0.4013671875 0.00927734375 0.046875
0 0.274658203125 0.39794921875 0.00732421875 0.0380859375
0 0.27197265625 0.39990234375 0.0078125 0.0380859375
0 0.25439453125 0.40185546875 0.0087890625 0.0439453125
0 0.24560546875 0.39990234375 0.0087890625 0.0439453125
0 0.2412109375 0.39990234375 0.009765625 0.0478515625
0 0.225341796875 0.400390625 0.00927734375 0.046875
0 0.14111328125 0.40478515625 0.009765625 0.0478515625
0 0.18115234375 0.40478515625 0.009765625 0.0498046875
0 0.15185546875 0.4150390625 0.005859375 0.03125
0 0.123291015625 0.408203125 0.00927734375 0.046875
0 0.278564453125 0.3994140625 0.00927734375 0.044921875
0 0.259765625 0.40185546875 0.0087890625 0.0439453125
0 0.235107421875 0.40087890625 0.00927734375 0.0458984375
0 0.221435546875 0.4013671875 0.00927734375 0.046875
0 0.19580078125 0.39794921875 0.0107421875 0.0537109375
0 0.12109375 0.40966796875 0.0087890625 0.0458984375
