0 0.27783203125 0.41796875 0.0087890625 0.044921875
0 0.155029296875 0.4208984375 0.01220703125 0.060546875
0 0.13427734375 0.421875 0.0126953125 0.064453125
0 0.2734375 0.42041015625 0.0078125 0.0400390625
0 0.578369140625 0.4208984375 0.01025390625 0.052734375
0 0.588623046875 0.41650390625 0.01123046875 0.0556640625
0 0.76513671875 0.4140625 0.0185546875 0.09375
0 0.7890625 0.427734375 0.021484375 0.10546875
0 0.85986328125 0.41552734375 0.0205078125 0.1005859375
0 0.885498046875 0.40966796875 0.02197265625 0.1083984375
0 0.786376953125 0.427734375 0.02490234375 0.123046875
