0 0.989501953125 0.26513671875 0.02001953125 0.1064453125
0 0.39208984375 0.39111328125 0.005859375 0.0283203125
0 0.396728515625 0.39013671875 0.00634765625 0.0322265625
0 0.41455078125 0.38818359375 0.005859375 0.0302734375
0 0.41015625 0.3876953125 0.005859375 0.029296875
0 0.48876953125 0.369140625 0.0078125 0.0390625
0 0.712646484375 0.37158203125 0.01611328125 0.0791015625
0 0.751708984375 0.33447265625 0.01513671875 0.0751953125
0 0.968505859375 0.2841796875 0.01708984375 0.0859375
0 0.828857421875 0.36572265625 0.02587890625 0.1279296875
0 0.955810546875 0.33837890625 0.02978515625 0.1455078125
0 0.965087890625 0.35986328125 0.03759765625 0.1845703125
0 0.666748046875 0.357421875 0.00927734375 0.046875
0 0.663818359375 0.3720703125 0.01416015625 0.0703125
0 0.674560546875 0.365234375 0.01220703125 0.060546875
0 0.70263671875 0.3701171875 0.0146484375 0.072265625
0 0.693115234375 0.37353515625 0.01416015625 0.0712890625
0 0.685302734375 0.3662109375 0.01416015625 0.068359375
0 0.678466796875 0.36865234375 0.01318359375 0.0654296875
0 0.70068359375 0.37158203125 0.015625 0.0771484375
0 0.72900390625 0.36328125 0.0146484375 0.07421875
0 0.732421875 0.3603515625 0.0146484375 0.07421875
0 0.737548828125 0.357421875 0.01611328125 0.080078125
0 0.86083984375 0.365234375 0.0283203125 0.138671875
0 0.858154296875 0.36181640625 0.03173828125 0.1552734375
0 0.845458984375 0.37158203125 0.03271484375 0.1611328125
0 0.881103515625 0.38720703125 0.03857421875 0.1884765625
0 0.78857421875 0.3720703125 0.0302734375 0.1484375
