0 0.569580078125 0.4326171875 0.01708984375 0.083984375
0 0.572265625 0.4375 0.0166015625 0.083984375
0 0.697021484375 0.44384765625 0.01708984375 0.0830078125
0 0.70654296875 0.44140625 0.01953125 0.095703125
0 0.71728515625 0.443359375 0.0185546875 0.091796875
0 0.772705078125 0.443359375 0.02001953125 0.09765625
0 0.8486328125 0.45068359375 0.0810546875 0.3955078125
0 0.912353515625 0.47607421875 0.07568359375 0.3720703125
0 0.87890625 0.47119140625 0.10546875 0.5166015625
0 0.642822265625 0.4697265625 0.07275390625 0.35546875
0 0.61376953125 0.4609375 0.0810546875 0.3984375
0 0.482177734375 0.47265625 0.06591796875 0.322265625
0 0.341796875 0.4501953125 0.068359375 0.333984375
0 0.3369140625 0.4775390625 0.0771484375 0.37890625
0 0.22412109375 0.451171875 0.076171875 0.373046875
0 0.280517578125 0.47216796875 0.07568359375 0.3720703125
0 0.1669921875 0.47412109375 0.0751953125 0.3681640625
0 0.89404296875 0.4912109375 0.08984375 0.44140625
