0 0.9541015625 0.37890625 0.0126953125 0.064453125
0 0.968505859375 0.38037109375 0.01416015625 0.0712890625
0 0.7685546875 0.35498046875 0.005859375 0.0302734375
0 0.905517578125 0.376953125 0.01318359375 0.06640625
0 0.894287109375 0.37841796875 0.01416015625 0.0693359375
0 0.935546875 0.37744140625 0.0126953125 0.0634765625
0 0.864990234375 0.37158203125 0.01318359375 0.0673828125
0 0.671142578125 0.376953125 0.01318359375 0.064453125
0 0.6748046875 0.37548828125 0.013671875 0.0673828125
0 0.85205078125 0.37255859375 0.013671875 0.0673828125
0 0.70703125 0.375 0.0107421875 0.0546875
0 0.79443359375 0.47265625 0.0810546875 0.3984375
0 0.4716796875 0.345703125 0.0048828125 0.025390625
0 0.47900390625 0.3466796875 0.0048828125 0.025390625
0 0.41552734375 0.35302734375 0.0068359375 0.0341796875
0 0.4189453125 0.3525390625 0.0068359375 0.03515625
