0 0.353759765625 0.39013671875 0.00146484375 0.0087890625
0 0.35595703125 0.3935546875 0.001953125 0.009765625
0 0.322021484375 0.22998046875 0.01025390625 0.0517578125
0 0.54736328125 0.39453125 0.0048828125 0.025390625
0 0.2158203125 0.23681640625 0.009765625 0.0478515625
0 0.55126953125 0.39501953125 0.00390625 0.0224609375
0 0.247314453125 0.23583984375 0.01025390625 0.0498046875
0 0.283447265625 0.23193359375 0.01123046875 0.0537109375
0 0.22119140625 0.23388671875 0.0107421875 0.0556640625
0 0.254150390625 0.234375 0.01025390625 0.05078125
0 0.555419921875 0.3935546875 0.00439453125 0.021484375
0 0.322021484375 0.22509765625 0.01318359375 0.0654296875
0 0.36572265625 0.2314453125 0.009765625 0.048828125
0 0.400390625 0.228515625 0.0107421875 0.0546875
0 0.34033203125 0.2353515625 0.009765625 0.048828125
0 0.406494140625 0.2294921875 0.01123046875 0.056640625
0 0.46142578125 0.228515625 0.009765625 0.048828125
0 0.46826171875 0.224609375 0.01171875 0.05859375
0 0.534423828125 0.2265625 0.01025390625 0.05078125
0 0.45654296875 0.23193359375 0.0087890625 0.0458984375
0 0.47802734375 0.22607421875 0.01171875 0.0576171875
0 0.4921875 0.22705078125 0.0107421875 0.0556640625
0 0.50634765625 0.22412109375 0.01171875 0.0576171875
0 0.4326171875 0.23193359375 0.0107421875 0.0537109375
0 0.558349609375 0.392578125 0.00439453125 0.0234375
0 0.574462890625 0.22900390625 0.00830078125 0.0419921875
0 0.58935546875 0.2294921875 0.009765625 0.048828125
0 0.606201171875 0.2265625 0.01025390625 0.05078125
0 0.614013671875 0.2265625 0.01025390625 0.052734375
0 0.62109375 0.22802734375 0.0087890625 0.0458984375
0 0.65673828125 0.2314453125 0.009765625 0.046875
0 0.62548828125 0.2294921875 0.009765625 0.048828125
0 0.56396484375 0.22509765625 0.0107421875 0.0537109375
0 0.6474609375 0.2333984375 0.0087890625 0.044921875
0 0.5439453125 0.22509765625 0.01171875 0.0576171875
0 0.56298828125 0.392578125 0.00390625 0.021484375
0 0.2958984375 0.236328125 0.009765625 0.048828125
0 0.163818359375 0.2392578125 0.01123046875 0.056640625
0 0.58349609375 0.39453125 0.0048828125 0.025390625
0 0.63525390625 0.39013671875 0.0068359375 0.0341796875
0 0.642578125 0.3896484375 0.0068359375 0.03515625
0 0.691650390625 0.38818359375 0.00732421875 0.0380859375
0 0.70654296875 0.3896484375 0.0087890625 0.044921875
0 0.674072265625 0.38671875 0.00732421875 0.037109375
