0 0.26904296875 0.3818359375 0.0107421875 0.052734375
0 0.262939453125 0.38330078125 0.01123046875 0.0576171875
0 0.289794921875 0.37939453125 0.01220703125 0.0615234375
0 0.029052734375 0.36767578125 0.00634765625 0.0302734375
0 0.1689453125 0.38525390625 0.009765625 0.0478515625
0 0.15234375 0.38525390625 0.0107421875 0.0537109375
0 0.64404296875 0.39208984375 0.0185546875 0.0927734375
0 0.588623046875 0.37890625 0.01318359375 0.064453125
0 0.6103515625 0.392578125 0.0205078125 0.1015625
0 0.603759765625 0.39404296875 0.02490234375 0.1220703125
0 0.6826171875 0.38427734375 0.02734375 0.1337890625
0 0.659423828125 0.390625 0.02587890625 0.12890625
0 0.6591796875 0.39306640625 0.0283203125 0.1396484375
0 0.713134765625 0.3984375 0.02587890625 0.126953125
0 0.691162109375 0.39306640625 0.02880859375 0.1416015625
0 0.62890625 0.396484375 0.0244140625 0.12109375
0 0.304931640625 0.3896484375 0.01416015625 0.0703125
0 0.33642578125 0.39111328125 0.013671875 0.0673828125
0 0.36181640625 0.38623046875 0.009765625 0.0498046875
0 0.529296875 0.38671875 0.01171875 0.05859375
0 0.542724609375 0.38427734375 0.01611328125 0.0791015625
0 0.52490234375 0.39013671875 0.015625 0.0771484375
0 0.545166015625 0.38818359375 0.01611328125 0.0810546875
0 0.533447265625 0.3935546875 0.01611328125 0.080078125
0 0.532470703125 0.3994140625 0.01708984375 0.083984375
0 0.55810546875 0.39013671875 0.013671875 0.0673828125
0 0.552734375 0.39111328125 0.0146484375 0.0732421875
0 0.56787109375 0.384765625 0.0146484375 0.072265625
0 0.572265625 0.388671875 0.0185546875 0.08984375
0 0.40673828125 0.38671875 0.01171875 0.05859375
0 0.413330078125 0.38525390625 0.01220703125 0.0615234375
0 0.3515625 0.3837890625 0.0146484375 0.072265625
0 0.353759765625 0.3837890625 0.01513671875 0.07421875
0 0.378173828125 0.384765625 0.01220703125 0.060546875
0 0.39697265625 0.38525390625 0.0107421875 0.0556640625
0 0.401611328125 0.38623046875 0.01611328125 0.0791015625
0 0.385498046875 0.37939453125 0.01318359375 0.0634765625
0 0.38916015625 0.38232421875 0.013671875 0.0693359375
0 0.375732421875 0.38525390625 0.01513671875 0.0751953125
0 0.19384765625 0.3857421875 0.0126953125 0.0625
0 0.185302734375 0.38623046875 0.01318359375 0.0654296875
0 0.181396484375 0.38720703125 0.01220703125 0.0615234375
0 0.174072265625 0.38427734375 0.01025390625 0.0517578125
0 0.178466796875 0.3876953125 0.01220703125 0.060546875
0 0.255859375 0.38623046875 0.0126953125 0.0634765625
0 0.248046875 0.3828125 0.013671875 0.068359375
0 0.24462890625 0.3876953125 0.0146484375 0.072265625
0 0.2294921875 0.36328125 0.005859375 0.029296875
0 0.234375 0.388671875 0.0126953125 0.0625
0 0.209228515625 0.37841796875 0.01025390625 0.0517578125
0 0.219482421875 0.38818359375 0.01416015625 0.0693359375
0 0.20849609375 0.3876953125 0.0146484375 0.07421875
