0 0.453857421875 0.419921875 0.00341796875 0.01953125
0 0.460693359375 0.419921875 0.00341796875 0.017578125
0 0.5458984375 0.41015625 0.0087890625 0.04296875
0 0.561279296875 0.41015625 0.01025390625 0.052734375
0 0.57080078125 0.412109375 0.009765625 0.048828125
0 0.592529296875 0.41015625 0.01220703125 0.060546875
0 0.5810546875 0.40869140625 0.013671875 0.0693359375
0 0.683837890625 0.4052734375 0.02587890625 0.12890625
0 0.6953125 0.42919921875 0.0302734375 0.1494140625
0 0.73095703125 0.404296875 0.03125 0.15234375
0 0.773193359375 0.4150390625 0.03759765625 0.185546875
0 0.804931640625 0.4150390625 0.03369140625 0.166015625
0 0.80810546875 0.4248046875 0.037109375 0.181640625
0 0.878662109375 0.41357421875 0.03759765625 0.1865234375
0 0.850341796875 0.42529296875 0.03466796875 0.1689453125
0 0.917236328125 0.42529296875 0.03466796875 0.1689453125
0 0.93115234375 0.44091796875 0.0419921875 0.2080078125
0 0.91845703125 0.478515625 0.0322265625 0.158203125
0 0.983642578125 0.443359375 0.03173828125 0.162109375
0 0.968017578125 0.43505859375 0.04736328125 0.2333984375
0 0.2919921875 0.42724609375 0.0048828125 0.0244140625
0 0.18408203125 0.4345703125 0.0087890625 0.04296875
0 0.164306640625 0.42919921875 0.01025390625 0.0517578125
0 0.759033203125 0.43359375 0.02294921875 0.115234375
