0 0.227294921875 0.44140625 0.02001953125 0.099609375
0 0.246826171875 0.4189453125 0.00634765625 0.033203125
0 0.521240234375 0.43359375 0.03173828125 0.158203125
0 0.548583984375 0.43115234375 0.03173828125 0.1572265625
0 0.5810546875 0.44970703125 0.0576171875 0.2841796875
0 0.766845703125 0.43115234375 0.05908203125 0.2900390625
0 0.642822265625 0.4521484375 0.06884765625 0.3359375
0 0.7080078125 0.4423828125 0.05078125 0.248046875
0 0.755126953125 0.44921875 0.05712890625 0.28125
0 0.770263671875 0.455078125 0.06201171875 0.302734375
0 0.588134765625 0.4599609375 0.06005859375 0.29296875
0 0.548095703125 0.43115234375 0.03369140625 0.1669921875
0 0.2509765625 0.42041015625 0.0068359375 0.0341796875
