0 0.619384765625 0.38671875 0.00634765625 0.03125
0 0.6259765625 0.39013671875 0.0078125 0.0400390625
0 0.627685546875 0.388671875 0.00732421875 0.037109375
0 0.647705078125 0.388671875 0.01025390625 0.05078125
0 0.659423828125 0.38671875 0.01025390625 0.052734375
0 0.641845703125 0.390625 0.00927734375 0.046875
0 0.645263671875 0.3896484375 0.00927734375 0.046875
0 0.737548828125 0.3779296875 0.00927734375 0.046875
0 0.76416015625 0.37255859375 0.0078125 0.0380859375
0 0.760986328125 0.3759765625 0.00634765625 0.033203125
0 0.87744140625 0.375 0.01171875 0.05859375
0 0.83544921875 0.45751953125 0.087890625 0.4326171875
0 0.967529296875 0.43994140625 0.05322265625 0.2607421875
0 0.969482421875 0.4404296875 0.06005859375 0.375
0 0.966552734375 0.4814453125 0.06591796875 0.3515625
0 0.701171875 0.44970703125 0.0576171875 0.2822265625
0 0.69189453125 0.46044921875 0.0625 0.3076171875
0 0.7333984375 0.44873046875 0.056640625 0.2783203125
0 0.52783203125 0.388671875 0.0048828125 0.0234375
0 0.540771484375 0.3857421875 0.00537109375 0.02734375
0 0.5390625 0.40234375 0.009765625 0.046875
0 0.544677734375 0.40283203125 0.01025390625 0.0517578125
0 0.5322265625 0.40234375 0.0107421875 0.052734375
0 0.510498046875 0.45947265625 0.06005859375 0.2939453125
0 0.5712890625 0.4423828125 0.0625 0.3046875
0 0.40478515625 0.41064453125 0.00390625 0.0205078125
0 0.408203125 0.41552734375 0.0107421875 0.0537109375
0 0.3798828125 0.42333984375 0.009765625 0.0498046875
0 0.374267578125 0.4189453125 0.01123046875 0.056640625
0 0.307373046875 0.41650390625 0.01123046875 0.0556640625
0 0.296142578125 0.408203125 0.00732421875 0.037109375
0 0.29833984375 0.41845703125 0.0107421875 0.0537109375
0 0.25927734375 0.41064453125 0.0078125 0.0400390625
0 0.306640625 0.4248046875 0.01171875 0.05859375
0 0.287109375 0.41064453125 0.0078125 0.0400390625
0 0.263916015625 0.41259765625 0.00927734375 0.0458984375
0 0.236083984375 0.4228515625 0.00927734375 0.046875
0 0.230224609375 0.4091796875 0.00634765625 0.033203125
0 0.242919921875 0.42236328125 0.01025390625 0.0498046875
0 0.1728515625 0.42626953125 0.0107421875 0.0517578125
0 0.18701171875 0.42626953125 0.009765625 0.0478515625
0 0.137939453125 0.43115234375 0.01318359375 0.0654296875
0 0.1083984375 0.42578125 0.01171875 0.05859375
0 0.111328125 0.42822265625 0.01171875 0.0576171875
0 0.2548828125 0.4267578125 0.01171875 0.060546875
0 0.43603515625 0.44775390625 0.0498046875 0.2451171875
0 0.390380859375 0.42041015625 0.01025390625 0.0498046875
0 0.18212890625 0.42822265625 0.0087890625 0.0458984375
0 0.520263671875 0.39697265625 0.00634765625 0.0322265625
0 0.608154296875 0.45458984375 0.06396484375 0.3115234375
0 0.419189453125 0.41650390625 0.01025390625 0.0517578125
0 0.41552734375 0.41552734375 0.009765625 0.0498046875
0 0.12158203125 0.42578125 0.009765625 0.046875
