0 0.884521484375 0.41796875 0.00244140625 0.013671875
0 0.887939453125 0.427734375 0.00439453125 0.021484375
0 0.8798828125 0.42529296875 0.005859375 0.0283203125
0 0.77392578125 0.4306640625 0.0341796875 0.169921875
0 0.5927734375 0.447265625 0.0166015625 0.08203125
0 0.605712890625 0.44482421875 0.01708984375 0.0849609375
0 0.59619140625 0.44775390625 0.0166015625 0.0830078125
0 0.94091796875 0.43994140625 0.0361328125 0.1787109375
0 0.910888671875 0.4306640625 0.03955078125 0.193359375
0 0.65625 0.4267578125 0.037109375 0.181640625
0 0.664794921875 0.44091796875 0.03173828125 0.1572265625
0 0.695556640625 0.431640625 0.03662109375 0.1796875
0 0.55859375 0.443359375 0.017578125 0.087890625
0 0.633056640625 0.41552734375 0.04248046875 0.2080078125
0 0.57080078125 0.42333984375 0.0341796875 0.1689453125
0 0.47021484375 0.4306640625 0.015625 0.076171875
0 0.491943359375 0.43115234375 0.03271484375 0.1611328125
0 0.518310546875 0.4296875 0.03564453125 0.17578125
0 0.5693359375 0.43212890625 0.03515625 0.1728515625
0 0.540283203125 0.43212890625 0.03466796875 0.1689453125
0 0.30126953125 0.4287109375 0.01171875 0.056640625
0 0.289794921875 0.4296875 0.01123046875 0.0546875
0 0.305908203125 0.42919921875 0.01123046875 0.0576171875
0 0.295654296875 0.4306640625 0.00927734375 0.046875
0 0.28076171875 0.42626953125 0.01171875 0.0576171875
0 0.26416015625 0.42578125 0.0126953125 0.0625
0 0.1123046875 0.41748046875 0.009765625 0.0478515625
0 0.10400390625 0.42041015625 0.01171875 0.0576171875
0 0.12255859375 0.41455078125 0.01171875 0.0595703125
0 0.1123046875 0.421875 0.0107421875 0.0546875
0 0.76953125 0.431640625 0.025390625 0.125
