0 0.514404296875 0.38037109375 0.00634765625 0.0341796875
0 0.107177734375 0.33642578125 0.01220703125 0.0615234375
0 0.0166015625 0.412109375 0.021484375 0.10546875
0 0.039794921875 0.40625 0.02587890625 0.126953125
0 0.712890625 0.38134765625 0.01171875 0.0576171875
0 0.694580078125 0.38134765625 0.01318359375 0.0654296875
0 0.6875 0.3798828125 0.0126953125 0.064453125
0 0.682373046875 0.38330078125 0.01220703125 0.0615234375
0 0.7041015625 0.38330078125 0.01171875 0.0576171875
0 0.80712890625 0.37353515625 0.013671875 0.0673828125
0 0.4677734375 0.3896484375 0.0078125 0.0390625
0 0.817138671875 0.3740234375 0.02001953125 0.099609375
0 0.713134765625 0.3818359375 0.01220703125 0.060546875
