0 0.449951171875 0.39306640625 0.00732421875 0.0380859375
0 0.4228515625 0.39306640625 0.0078125 0.0400390625
0 0.403076171875 0.3955078125 0.00927734375 0.046875
0 0.39599609375 0.3935546875 0.0107421875 0.052734375
0 0.410400390625 0.3896484375 0.01123046875 0.056640625
0 0.826904296875 0.4072265625 0.02197265625 0.107421875
0 0.8505859375 0.39794921875 0.0224609375 0.1123046875
0 0.4833984375 0.3984375 0.0068359375 0.03515625
0 0.133056640625 0.35546875 0.01416015625 0.0703125
0 0.8740234375 0.40234375 0.0244140625 0.12109375
