0 0.713623046875 0.40869140625 0.02587890625 0.1259765625
0 0.7490234375 0.39697265625 0.0341796875 0.1669921875
0 0.818359375 0.40625 0.033203125 0.1640625
0 0.787109375 0.4013671875 0.03125 0.15234375
0 0.00927734375 0.435546875 0.0185546875 0.109375
0 0.182861328125 0.4228515625 0.01513671875 0.076171875
0 0.1787109375 0.42431640625 0.015625 0.0771484375
0 0.1953125 0.4267578125 0.0146484375 0.072265625
0 0.29541015625 0.416015625 0.015625 0.078125
0 0.282470703125 0.41943359375 0.01513671875 0.0751953125
0 0.35205078125 0.41064453125 0.013671875 0.0673828125
0 0.37255859375 0.4091796875 0.009765625 0.048828125
0 0.38134765625 0.40869140625 0.0107421875 0.0537109375
0 0.44287109375 0.41162109375 0.0068359375 0.0341796875
0 0.401611328125 0.412109375 0.01513671875 0.07421875
0 0.430419921875 0.4111328125 0.01513671875 0.076171875
0 0.92578125 0.423828125 0.0888671875 0.435546875
