0 0.607666015625 0.37060546875 0.00439453125 0.0224609375
0 0.614501953125 0.37109375 0.00439453125 0.0234375
0 0.62109375 0.3701171875 0.0078125 0.041015625
0 0.6396484375 0.38134765625 0.0107421875 0.0537109375
0 0.651123046875 0.38623046875 0.01416015625 0.0693359375
0 0.6416015625 0.38916015625 0.013671875 0.0693359375
0 0.59716796875 0.37646484375 0.0087890625 0.0458984375
0 0.529052734375 0.37744140625 0.00732421875 0.0361328125
0 0.694580078125 0.39599609375 0.01220703125 0.0615234375
0 0.710205078125 0.4091796875 0.02197265625 0.107421875
0 0.7021484375 0.4052734375 0.0244140625 0.119140625
0 0.719482421875 0.39892578125 0.02587890625 0.1279296875
0 0.72314453125 0.4111328125 0.025390625 0.125
0 0.740234375 0.40380859375 0.0224609375 0.1123046875
0 0.7529296875 0.4052734375 0.025390625 0.126953125
