0 0.40234375 0.39111328125 0.0107421875 0.0537109375
0 0.298828125 0.39990234375 0.017578125 0.0869140625
0 0.218994140625 0.40087890625 0.01806640625 0.0888671875
0 0.094482421875 0.41259765625 0.02197265625 0.1083984375
0 0.040771484375 0.41455078125 0.02490234375 0.1220703125
0 0.00634765625 0.42333984375 0.0126953125 0.1044921875
0 0.0205078125 0.4169921875 0.0244140625 0.119140625
0 0.5146484375 0.41064453125 0.033203125 0.1611328125
0 0.65673828125 0.41015625 0.03515625 0.171875
0 0.7119140625 0.39453125 0.0302734375 0.1484375
