0 0.83935546875 0.3837890625 0.0068359375 0.033203125
0 0.844482421875 0.388671875 0.00830078125 0.04296875
0 0.850830078125 0.39306640625 0.00830078125 0.0419921875
0 0.873046875 0.392578125 0.009765625 0.048828125
0 0.8671875 0.396484375 0.0087890625 0.044921875
0 0.930908203125 0.38818359375 0.01025390625 0.0517578125
0 0.935302734375 0.3984375 0.01123046875 0.056640625
0 0.89404296875 0.4072265625 0.0166015625 0.083984375
0 0.912109375 0.4052734375 0.0166015625 0.08203125
0 0.923828125 0.3974609375 0.0126953125 0.064453125
0 0.949462890625 0.3935546875 0.01513671875 0.07421875
0 0.94482421875 0.40283203125 0.017578125 0.0869140625
0 0.98193359375 0.39990234375 0.01953125 0.0966796875
0 0.9599609375 0.4013671875 0.017578125 0.087890625
0 0.956298828125 0.41162109375 0.02490234375 0.1220703125
0 0.97509765625 0.41259765625 0.0234375 0.1142578125
0 0.98974609375 0.4306640625 0.01953125 0.15625
0 0.770263671875 0.443359375 0.03173828125 0.158203125
0 0.783935546875 0.43359375 0.03662109375 0.1796875
0 0.7314453125 0.3935546875 0.0048828125 0.025390625
0 0.734619140625 0.39208984375 0.00732421875 0.0361328125
0 0.725341796875 0.39599609375 0.00537109375 0.0263671875
0 0.720703125 0.39599609375 0.005859375 0.0302734375
0 0.716552734375 0.39501953125 0.00537109375 0.0283203125
0 0.71142578125 0.39599609375 0.00390625 0.0224609375
0 0.712646484375 0.3974609375 0.00439453125 0.0234375
0 0.44384765625 0.4130859375 0.0087890625 0.044921875
0 0.3798828125 0.4189453125 0.0078125 0.041015625
0 0.39208984375 0.40966796875 0.0048828125 0.0263671875
0 0.369140625 0.42041015625 0.0078125 0.0400390625
0 0.34130859375 0.4208984375 0.0068359375 0.03515625
0 0.345947265625 0.42138671875 0.00830078125 0.0419921875
0 0.3251953125 0.42333984375 0.0078125 0.0380859375
0 0.33154296875 0.4208984375 0.0087890625 0.04296875
0 0.305419921875 0.4228515625 0.01025390625 0.052734375
0 0.29345703125 0.423828125 0.0078125 0.0390625
0 0.298095703125 0.43603515625 0.01416015625 0.0712890625
0 0.285888671875 0.43896484375 0.01318359375 0.0673828125
0 0.255126953125 0.42822265625 0.01123046875 0.0576171875
0 0.161865234375 0.44384765625 0.01318359375 0.0654296875
0 0.214111328125 0.42138671875 0.00634765625 0.0322265625
0 0.22021484375 0.43701171875 0.0146484375 0.0732421875
0 0.208740234375 0.4365234375 0.01318359375 0.06640625
0 0.20458984375 0.4482421875 0.017578125 0.087890625
0 0.105224609375 0.4501953125 0.01611328125 0.080078125
0 0.12841796875 0.4580078125 0.015625 0.078125
0 0.145751953125 0.46484375 0.02587890625 0.126953125
0 0.162841796875 0.4462890625 0.01220703125 0.060546875
0 0.118896484375 0.46875 0.02587890625 0.12890625
0 0.078857421875 0.4580078125 0.02490234375 0.123046875
0 0.0439453125 0.44775390625 0.017578125 0.0869140625
0 0.038330078125 0.46435546875 0.02294921875 0.1123046875
0 0.0205078125 0.462890625 0.0234375 0.115234375
0 0.06787109375 0.4912109375 0.03515625 0.171875
0 0.35205078125 0.421875 0.0078125 0.0390625
