0 0.660400390625 0.390625 0.01123046875 0.056640625
0 0.0888671875 0.4306640625 0.0146484375 0.072265625
0 0.728515625 0.39306640625 0.017578125 0.0849609375
0 0.105224609375 0.42138671875 0.02099609375 0.1044921875
0 0.2705078125 0.41650390625 0.013671875 0.0693359375
0 0.211669921875 0.42138671875 0.01220703125 0.0595703125
0 0.20361328125 0.42236328125 0.0126953125 0.0615234375
0 0.482666015625 0.3994140625 0.00830078125 0.04296875
0 0.46630859375 0.40625 0.01171875 0.05859375
0 0.604736328125 0.42138671875 0.02001953125 0.0986328125
