0 0.7373046875 0.4111328125 0.01953125 0.095703125
0 0.759033203125 0.41064453125 0.02001953125 0.1005859375
0 0.758544921875 0.41748046875 0.03662109375 0.1806640625
0 0.854736328125 0.423828125 0.02587890625 0.12890625
0 0.8974609375 0.4267578125 0.02734375 0.134765625
0 0.98681640625 0.4169921875 0.025390625 0.154296875
0 0.93310546875 0.40966796875 0.0341796875 0.1669921875
0 0.142333984375 0.43798828125 0.02783203125 0.1376953125
0 0.174560546875 0.44580078125 0.02490234375 0.1220703125
0 0.822509765625 0.423828125 0.02783203125 0.13671875
