0 0.66162109375 0.39697265625 0.033203125 0.1630859375
0 0.38818359375 0.37890625 0.017578125 0.087890625
0 0.402099609375 0.39990234375 0.02880859375 0.1416015625
0 0.42431640625 0.3828125 0.01953125 0.09765625
0 0.47705078125 0.3916015625 0.0263671875 0.130859375
0 0.5693359375 0.384765625 0.0341796875 0.166015625
0 0.0966796875 0.3935546875 0.0087890625 0.044921875
0 0.0849609375 0.39306640625 0.0087890625 0.0439453125
0 0.06640625 0.39306640625 0.009765625 0.0498046875
0 0.075439453125 0.392578125 0.00927734375 0.048828125
0 0.00830078125 0.39501953125 0.0107421875 0.0537109375
