0 0.799560546875 0.38134765625 0.02294921875 0.1142578125
0 0.760986328125 0.3876953125 0.02587890625 0.12890625
0 0.9130859375 0.3984375 0.037109375 0.18359375
0 0.97265625 0.4033203125 0.0537109375 0.396484375
0 0.870361328125 0.3984375 0.05712890625 0.28125
0 0.40869140625 0.38916015625 0.0048828125 0.0244140625
0 0.93408203125 0.47314453125 0.0390625 0.1923828125
0 0.702392578125 0.380859375 0.02099609375 0.10546875
0 0.441650390625 0.39794921875 0.00537109375 0.0283203125
0 0.413330078125 0.396484375 0.00634765625 0.033203125
0 0.419189453125 0.39892578125 0.00537109375 0.0283203125
0 0.30908203125 0.404296875 0.015625 0.076171875
0 0.33544921875 0.4013671875 0.015625 0.076171875
0 0.231201171875 0.40966796875 0.01513671875 0.0751953125
0 0.248046875 0.40966796875 0.0146484375 0.0732421875
0 0.21826171875 0.4306640625 0.03125 0.154296875
0 0.2958984375 0.41015625 0.0302734375 0.1484375
0 0.3837890625 0.42822265625 0.0380859375 0.1865234375
0 0.46240234375 0.41162109375 0.0234375 0.1162109375
0 0.534912109375 0.41064453125 0.04248046875 0.2080078125
0 0.12109375 0.41748046875 0.0390625 0.1923828125
0 0.052001953125 0.44189453125 0.04541015625 0.2216796875
0 0.638916015625 0.38916015625 0.01513671875 0.0771484375
0 0.64306640625 0.39208984375 0.017578125 0.0869140625
0 0.648193359375 0.3857421875 0.02099609375 0.103515625
