0 0.880615234375 0.40869140625 0.02685546875 0.1318359375
0 0.7626953125 0.42919921875 0.0234375 0.1181640625
0 0.605224609375 0.42333984375 0.02880859375 0.1416015625
0 0.63330078125 0.4150390625 0.0322265625 0.158203125
0 0.64404296875 0.41650390625 0.02734375 0.1337890625
0 0.664306640625 0.41796875 0.02685546875 0.134765625
0 0.423583984375 0.43994140625 0.03271484375 0.1611328125
0 0.38720703125 0.4326171875 0.03125 0.154296875
0 0.381591796875 0.4326171875 0.03759765625 0.18359375
0 0.342529296875 0.478515625 0.06787109375 0.33203125
0 0.017578125 0.4482421875 0.025390625 0.125
0 0.052001953125 0.44677734375 0.02490234375 0.1220703125
0 0.070556640625 0.4453125 0.02490234375 0.12109375
0 0.569580078125 0.48095703125 0.07275390625 0.3564453125
0 0.428955078125 0.48291015625 0.05029296875 0.2470703125
