0 0.128173828125 0.39404296875 0.01416015625 0.0712890625
0 0.0380859375 0.416015625 0.025390625 0.125
0 0.070068359375 0.42529296875 0.02685546875 0.1318359375
0 0.05517578125 0.42138671875 0.029296875 0.1435546875
0 0.0595703125 0.42724609375 0.029296875 0.1455078125
0 0.728271484375 0.38818359375 0.00830078125 0.0419921875
0 0.786376953125 0.3837890625 0.00927734375 0.046875
0 0.79345703125 0.373046875 0.009765625 0.048828125
0 0.90380859375 0.375 0.01171875 0.060546875
0 0.717529296875 0.41357421875 0.02783203125 0.1357421875
0 0.77587890625 0.3828125 0.0078125 0.0390625
0 0.7509765625 0.42138671875 0.02734375 0.1337890625
0 0.768310546875 0.38330078125 0.00927734375 0.0478515625
0 0.819580078125 0.4052734375 0.02392578125 0.1171875
0 0.96630859375 0.39404296875 0.029296875 0.1435546875
0 0.92529296875 0.400390625 0.025390625 0.125
0 0.935791015625 0.40869140625 0.03369140625 0.1650390625
0 0.917724609375 0.3984375 0.03857421875 0.19140625
0 0.388671875 0.39453125 0.0078125 0.0390625
0 0.4013671875 0.3935546875 0.0078125 0.037109375
0 0.558837890625 0.388671875 0.00830078125 0.04296875
0 0.50146484375 0.4189453125 0.0361328125 0.177734375
