0 0.43212890625 0.4228515625 0.00390625 0.021484375
0 0.44287109375 0.41796875 0.00390625 0.021484375
0 0.4462890625 0.4189453125 0.0048828125 0.025390625
0 0.451416015625 0.41796875 0.00537109375 0.02734375
0 0.4560546875 0.41943359375 0.005859375 0.0302734375
0 0.46240234375 0.41943359375 0.005859375 0.0302734375
0 0.4970703125 0.41845703125 0.005859375 0.0283203125
0 0.51220703125 0.416015625 0.0107421875 0.052734375
0 0.520263671875 0.42431640625 0.00830078125 0.0400390625
0 0.53076171875 0.42138671875 0.0107421875 0.0556640625
0 0.625244140625 0.4423828125 0.02880859375 0.140625
0 0.616943359375 0.44091796875 0.03369140625 0.1669921875
0 0.67529296875 0.42724609375 0.03125 0.1533203125
0 0.757080078125 0.43701171875 0.03759765625 0.1845703125
0 0.9306640625 0.431640625 0.0224609375 0.111328125
0 0.9697265625 0.4228515625 0.029296875 0.14453125
0 0.2421875 0.4189453125 0.01171875 0.060546875
0 0.233154296875 0.4169921875 0.01123046875 0.0546875
0 0.100830078125 0.4140625 0.01708984375 0.0859375
0 0.11083984375 0.41357421875 0.017578125 0.0869140625
0 0.12255859375 0.43212890625 0.0244140625 0.1201171875
0 0.12939453125 0.44677734375 0.0283203125 0.1396484375
0 0.18212890625 0.44677734375 0.0283203125 0.1396484375
0 0.20849609375 0.44189453125 0.025390625 0.1240234375
0 0.893798828125 0.4130859375 0.02880859375 0.142578125
