0 0.44873046875 0.4013671875 0.0126953125 0.064453125
0 0.399658203125 0.4013671875 0.01806640625 0.08984375
0 0.210693359375 0.41259765625 0.02978515625 0.1474609375
0 0.73095703125 0.39794921875 0.0078125 0.0400390625
0 0.71728515625 0.39794921875 0.0078125 0.0380859375
0 0.7236328125 0.390625 0.0185546875 0.08984375
0 0.761474609375 0.39453125 0.00830078125 0.041015625
0 0.772705078125 0.39306640625 0.01513671875 0.0751953125
0 0.787109375 0.39111328125 0.015625 0.0771484375
0 0.801025390625 0.3896484375 0.00927734375 0.046875
0 0.79443359375 0.39501953125 0.013671875 0.0673828125
0 0.35302734375 0.4013671875 0.0185546875 0.09375
0 0.566162109375 0.3896484375 0.01904296875 0.09375
0 0.666015625 0.3994140625 0.0048828125 0.025390625
0 0.2138671875 0.4140625 0.029296875 0.14453125
0 0.68505859375 0.39990234375 0.0048828125 0.0244140625
