0 0.107666015625 0.42578125 0.01123046875 0.056640625
0 0.35107421875 0.416015625 0.005859375 0.03125
0 0.253173828125 0.4189453125 0.00537109375 0.029296875
0 0.29248046875 0.42822265625 0.0068359375 0.0361328125
0 0.298095703125 0.427734375 0.00927734375 0.046875
0 0.324462890625 0.41650390625 0.00537109375 0.0263671875
0 0.2626953125 0.4140625 0.0146484375 0.07421875
0 0.408203125 0.4150390625 0.013671875 0.068359375
0 0.455322265625 0.419921875 0.01220703125 0.0625
0 0.449951171875 0.4208984375 0.01220703125 0.060546875
0 0.825439453125 0.4150390625 0.01220703125 0.060546875
0 0.8330078125 0.41015625 0.0126953125 0.0625
0 0.8203125 0.41162109375 0.0146484375 0.0732421875
0 0.772216796875 0.408203125 0.01123046875 0.056640625
0 0.78564453125 0.40673828125 0.0146484375 0.0732421875
0 0.72314453125 0.4091796875 0.0126953125 0.064453125
0 0.724365234375 0.4111328125 0.01123046875 0.056640625
0 0.665283203125 0.4052734375 0.01220703125 0.060546875
0 0.671630859375 0.4091796875 0.01318359375 0.064453125
0 0.5146484375 0.41357421875 0.013671875 0.0673828125
0 0.517822265625 0.41357421875 0.01318359375 0.0673828125
0 0.536376953125 0.41259765625 0.01123046875 0.0576171875
0 0.52978515625 0.4150390625 0.0126953125 0.0625
0 0.54736328125 0.4140625 0.0107421875 0.0546875
0 0.550048828125 0.4140625 0.01220703125 0.060546875
0 0.568115234375 0.4130859375 0.01318359375 0.06640625
0 0.580078125 0.4130859375 0.0126953125 0.0625
0 0.575927734375 0.412109375 0.01513671875 0.076171875
0 0.592041015625 0.41259765625 0.01318359375 0.0654296875
0 0.60205078125 0.41064453125 0.013671875 0.0673828125
0 0.605224609375 0.40625 0.01904296875 0.09375
0 0.615478515625 0.41162109375 0.01123046875 0.0556640625
0 0.622314453125 0.41455078125 0.01220703125 0.0595703125
0 0.64013671875 0.4140625 0.0107421875 0.0546875
0 0.635498046875 0.40966796875 0.01220703125 0.0615234375
0 0.6474609375 0.41455078125 0.0107421875 0.0537109375
0 0.65380859375 0.41650390625 0.0185546875 0.0927734375
0 0.788818359375 0.4130859375 0.01318359375 0.06640625
