0 0.117431640625 0.37646484375 0.00341796875 0.0185546875
0 0.174560546875 0.38037109375 0.00830078125 0.0419921875
0 0.296142578125 0.38818359375 0.00732421875 0.0361328125
0 0.316162109375 0.390625 0.00537109375 0.02734375
0 0.3125 0.38818359375 0.0068359375 0.0361328125
0 0.32763671875 0.39111328125 0.0048828125 0.0263671875
0 0.552001953125 0.40380859375 0.00732421875 0.0380859375
0 0.573486328125 0.40625 0.00830078125 0.041015625
0 0.564208984375 0.4189453125 0.01416015625 0.0703125
0 0.555908203125 0.4150390625 0.01806640625 0.087890625
0 0.008056640625 0.37451171875 0.00537109375 0.0263671875
0 0.916748046875 0.42041015625 0.00927734375 0.0458984375
0 0.94775390625 0.42431640625 0.0087890625 0.0439453125
0 0.894287109375 0.41748046875 0.00927734375 0.0458984375
0 0.7509765625 0.419921875 0.01171875 0.05859375
0 0.760009765625 0.42236328125 0.01025390625 0.0517578125
0 0.758544921875 0.42138671875 0.01123046875 0.0556640625
0 0.768310546875 0.42529296875 0.00927734375 0.0458984375
0 0.89990234375 0.42822265625 0.015625 0.0791015625
