0 0.778076171875 0.4091796875 0.00732421875 0.037109375
0 0.950439453125 0.42236328125 0.04150390625 0.2021484375
0 0.782470703125 0.41162109375 0.00634765625 0.0341796875
0 0.894775390625 0.41357421875 0.09814453125 0.4794921875
0 0.539306640625 0.40087890625 0.00732421875 0.0380859375
0 0.55322265625 0.40087890625 0.0087890625 0.0439453125
0 0.559326171875 0.40771484375 0.02197265625 0.1103515625
0 0.5732421875 0.41259765625 0.021484375 0.1064453125
0 0.603759765625 0.408203125 0.01611328125 0.080078125
0 0.625 0.408203125 0.015625 0.078125
0 0.612060546875 0.4130859375 0.02294921875 0.11328125
0 0.65625 0.4345703125 0.0341796875 0.16796875
0 0.74267578125 0.42529296875 0.0615234375 0.3017578125
0 0.0712890625 0.37939453125 0.005859375 0.0283203125
0 0.288818359375 0.40966796875 0.02197265625 0.1083984375
0 0.2724609375 0.40576171875 0.0244140625 0.1201171875
0 0.324462890625 0.40576171875 0.02294921875 0.1123046875
0 0.341552734375 0.4091796875 0.02587890625 0.126953125
0 0.33251953125 0.41748046875 0.0234375 0.1142578125
0 0.379638671875 0.40625 0.02294921875 0.11328125
0 0.376708984375 0.4111328125 0.02490234375 0.123046875
0 0.35791015625 0.40966796875 0.02734375 0.1357421875
0 0.460693359375 0.4189453125 0.02392578125 0.119140625
0 0.385498046875 0.41015625 0.02392578125 0.119140625
0 0.44140625 0.4169921875 0.02734375 0.134765625
0 0.45068359375 0.40869140625 0.033203125 0.1611328125
0 0.404541015625 0.4150390625 0.03369140625 0.166015625
0 0.80224609375 0.427734375 0.0078125 0.0390625
