0 0.62158203125 0.42333984375 0.017578125 0.0869140625
0 0.645751953125 0.4189453125 0.01708984375 0.0859375
0 0.633544921875 0.42236328125 0.01806640625 0.0908203125
0 0.65869140625 0.4228515625 0.017578125 0.087890625
0 0.692138671875 0.42138671875 0.01611328125 0.0810546875
0 0.70166015625 0.41845703125 0.0185546875 0.0927734375
0 0.69091796875 0.42626953125 0.0166015625 0.0830078125
0 0.67578125 0.419921875 0.017578125 0.0859375
0 0.6650390625 0.42578125 0.017578125 0.087890625
0 0.75244140625 0.41845703125 0.0185546875 0.0908203125
0 0.72802734375 0.42431640625 0.0166015625 0.0830078125
0 0.716796875 0.423828125 0.017578125 0.087890625
0 0.05419921875 0.43994140625 0.013671875 0.0693359375
0 0.241943359375 0.49267578125 0.07958984375 0.3896484375
0 0.3525390625 0.474609375 0.0751953125 0.3671875
0 0.415771484375 0.50048828125 0.07470703125 0.3642578125
0 0.4228515625 0.49560546875 0.0888671875 0.4345703125
