0 0.328125 0.38671875 0.0048828125 0.025390625
0 0.411376953125 0.39111328125 0.00537109375 0.0263671875
0 0.215087890625 0.40234375 0.03076171875 0.15234375
0 0.338623046875 0.4130859375 0.03173828125 0.15625
0 0.355712890625 0.4130859375 0.03466796875 0.169921875
0 0.302978515625 0.474609375 0.06787109375 0.33203125
0 0.119384765625 0.38916015625 0.03271484375 0.1611328125
0 0.1328125 0.3935546875 0.03515625 0.171875
0 0.08544921875 0.3935546875 0.0546875 0.267578125
0 0.0185546875 0.37939453125 0.033203125 0.1630859375
0 0.1591796875 0.4091796875 0.0439453125 0.212890625
0 0.4267578125 0.41162109375 0.03125 0.1533203125
0 0.6884765625 0.41064453125 0.013671875 0.0673828125
0 0.98046875 0.42431640625 0.0087890625 0.0439453125
0 0.859619140625 0.43408203125 0.00732421875 0.0361328125
0 0.73388671875 0.4169921875 0.0107421875 0.052734375
0 0.6455078125 0.41455078125 0.0234375 0.1162109375
0 0.661865234375 0.4228515625 0.03369140625 0.166015625
0 0.61669921875 0.4150390625 0.0380859375 0.1875
0 0.63134765625 0.43310546875 0.03515625 0.1728515625
0 0.43408203125 0.41552734375 0.029296875 0.1435546875
0 0.58447265625 0.41748046875 0.0341796875 0.1689453125
0 0.559326171875 0.4189453125 0.03759765625 0.18359375
0 0.469482421875 0.404296875 0.03271484375 0.16015625
0 0.46533203125 0.412109375 0.0380859375 0.1875
0 0.46484375 0.4248046875 0.03515625 0.171875
0 0.516845703125 0.41845703125 0.03564453125 0.1748046875
0 0.498291015625 0.4228515625 0.03662109375 0.1796875
0 0.503662109375 0.4169921875 0.04052734375 0.19921875
