0 0.703369140625 0.39990234375 0.03173828125 0.1552734375
0 0.743896484375 0.41650390625 0.04248046875 0.2080078125
0 0.788330078125 0.39599609375 0.04931640625 0.2431640625
0 0.752197265625 0.40185546875 0.06396484375 0.3134765625
0 0.629150390625 0.388671875 0.01806640625 0.087890625
0 0.837646484375 0.40625 0.05517578125 0.26953125
0 0.60302734375 0.38525390625 0.017578125 0.0888671875
0 0.6162109375 0.3896484375 0.0205078125 0.1015625
0 0.580322265625 0.39208984375 0.01416015625 0.0712890625
0 0.35205078125 0.38916015625 0.0068359375 0.0341796875
0 0.343994140625 0.388671875 0.00634765625 0.033203125
0 0.25732421875 0.38720703125 0.009765625 0.0498046875
0 0.26513671875 0.3994140625 0.0166015625 0.08203125
0 0.2431640625 0.396484375 0.0166015625 0.08203125
0 0.207763671875 0.40625 0.01708984375 0.083984375
0 0.119873046875 0.40966796875 0.02197265625 0.1064453125
0 0.09521484375 0.41162109375 0.0224609375 0.1103515625
0 0.072265625 0.41259765625 0.021484375 0.1064453125
0 0.087646484375 0.41357421875 0.02587890625 0.1259765625
