0 0.805419921875 0.40087890625 0.03076171875 0.1533203125
0 0.8203125 0.40771484375 0.0361328125 0.1787109375
0 0.1484375 0.40869140625 0.01171875 0.0595703125
0 0.064697265625 0.41455078125 0.01220703125 0.0615234375
0 0.024169921875 0.4365234375 0.01220703125 0.0625
0 0.010986328125 0.41650390625 0.02099609375 0.1025390625
0 0.044189453125 0.4267578125 0.02294921875 0.11328125
0 0.226318359375 0.40576171875 0.00830078125 0.0419921875
0 0.168701171875 0.42333984375 0.02294921875 0.1123046875
0 0.193603515625 0.41455078125 0.02685546875 0.1337890625
0 0.5029296875 0.392578125 0.0048828125 0.025390625
0 0.25732421875 0.41552734375 0.015625 0.0771484375
0 0.270263671875 0.41748046875 0.01904296875 0.0947265625
0 0.130615234375 0.42333984375 0.03076171875 0.1513671875
0 0.6591796875 0.39208984375 0.0146484375 0.0712890625
0 0.100830078125 0.43603515625 0.02587890625 0.1279296875
0 0.126220703125 0.43212890625 0.02978515625 0.1474609375
0 0.655517578125 0.40576171875 0.01806640625 0.0908203125
0 0.643310546875 0.3974609375 0.02099609375 0.103515625
0 0.69384765625 0.39892578125 0.0185546875 0.0927734375
0 0.67919921875 0.4052734375 0.0263671875 0.12890625
0 0.244873046875 0.4189453125 0.01708984375 0.083984375
0 0.240234375 0.4208984375 0.0234375 0.1171875
0 0.34765625 0.40771484375 0.0166015625 0.0810546875
0 0.3388671875 0.4140625 0.015625 0.078125
0 0.323974609375 0.41455078125 0.01513671875 0.0751953125
0 0.33154296875 0.41455078125 0.01953125 0.0966796875
0 0.404541015625 0.40185546875 0.01123046875 0.0556640625
0 0.393798828125 0.4013671875 0.01123046875 0.0546875
0 0.429443359375 0.3984375 0.00634765625 0.033203125
0 0.418701171875 0.40234375 0.01220703125 0.060546875
0 0.42529296875 0.40673828125 0.0107421875 0.0537109375
0 0.44970703125 0.40478515625 0.01171875 0.0576171875
