0 0.288330078125 0.44140625 0.04248046875 0.208984375
0 0.393310546875 0.44140625 0.05029296875 0.248046875
0 0.432861328125 0.44384765625 0.04931640625 0.2431640625
0 0.443115234375 0.43798828125 0.05517578125 0.2705078125
0 0.41796875 0.43798828125 0.060546875 0.2958984375
0 0.47265625 0.41259765625 0.00390625 0.0185546875
0 0.667236328125 0.39453125 0.01611328125 0.080078125
0 0.29052734375 0.4482421875 0.0458984375 0.2265625
0 0.30322265625 0.443359375 0.0478515625 0.234375
0 0.231689453125 0.4228515625 0.01220703125 0.0625
0 0.221923828125 0.42333984375 0.01123046875 0.0576171875
0 0.2099609375 0.42138671875 0.0126953125 0.0634765625
0 0.2001953125 0.42578125 0.0107421875 0.0546875
0 0.176513671875 0.4248046875 0.01513671875 0.076171875
0 0.13232421875 0.42626953125 0.017578125 0.0869140625
0 0.111328125 0.4228515625 0.0185546875 0.091796875
0 0.04638671875 0.48486328125 0.0537109375 0.2646484375
0 0.576904296875 0.4345703125 0.04443359375 0.21875
