0 0.763671875 0.3837890625 0.0205078125 0.099609375
0 0.746826171875 0.3857421875 0.01611328125 0.080078125
0 0.66748046875 0.37646484375 0.0126953125 0.0634765625
0 0.676513671875 0.376953125 0.01416015625 0.0703125
0 0.333984375 0.4140625 0.0107421875 0.0546875
0 0.341552734375 0.4140625 0.01025390625 0.052734375
0 0.3232421875 0.41455078125 0.0107421875 0.0517578125
0 0.317626953125 0.41552734375 0.01025390625 0.0537109375
0 0.349365234375 0.41845703125 0.02099609375 0.1044921875
0 0.408935546875 0.4111328125 0.02001953125 0.099609375
0 0.203857421875 0.42919921875 0.01513671875 0.0751953125
0 0.189208984375 0.4306640625 0.01611328125 0.080078125
0 0.015380859375 0.45556640625 0.02587890625 0.1279296875
0 0.008056640625 0.4443359375 0.01611328125 0.150390625
