0 0.28271484375 0.3955078125 0.009765625 0.048828125
0 0.871826171875 0.37890625 0.04248046875 0.208984375
0 0.909912109375 0.41748046875 0.06591796875 0.3232421875
0 0.792236328125 0.41748046875 0.05224609375 0.2548828125
0 0.02685546875 0.41015625 0.0126953125 0.0625
0 0.065673828125 0.4072265625 0.01513671875 0.076171875
0 0.439453125 0.39501953125 0.0107421875 0.0537109375
0 0.40771484375 0.39453125 0.013671875 0.0703125
0 0.373291015625 0.39111328125 0.01025390625 0.0498046875
0 0.375 0.3896484375 0.01171875 0.056640625
0 0.326416015625 0.39697265625 0.01318359375 0.0654296875
0 0.3173828125 0.3974609375 0.013671875 0.06640625
0 0.078857421875 0.40869140625 0.01416015625 0.0712890625
0 0.0693359375 0.40869140625 0.0146484375 0.0712890625
0 0.123779296875 0.4033203125 0.01611328125 0.080078125
0 0.11181640625 0.4091796875 0.0146484375 0.072265625
0 0.1005859375 0.40478515625 0.0185546875 0.0908203125
0 0.126220703125 0.40478515625 0.01513671875 0.0751953125
0 0.585693359375 0.38134765625 0.00732421875 0.0361328125
0 0.220947265625 0.40234375 0.01513671875 0.07421875
0 0.229248046875 0.4052734375 0.01416015625 0.072265625
0 0.543212890625 0.384765625 0.00927734375 0.046875
0 0.25 0.40283203125 0.0126953125 0.0634765625
0 0.256103515625 0.40380859375 0.01318359375 0.0654296875
0 0.6171875 0.38720703125 0.0087890625 0.0419921875
0 0.547607421875 0.38330078125 0.01025390625 0.0517578125
0 0.55908203125 0.38525390625 0.009765625 0.0478515625
0 0.5732421875 0.380859375 0.0087890625 0.044921875
0 0.5810546875 0.38330078125 0.0068359375 0.0361328125
0 0.61328125 0.38623046875 0.009765625 0.0498046875
0 0.602783203125 0.38330078125 0.00634765625 0.0322265625
0 0.596923828125 0.3876953125 0.00830078125 0.04296875
0 0.626220703125 0.3818359375 0.00830078125 0.041015625
0 0.519775390625 0.390625 0.00927734375 0.044921875
0 0.5009765625 0.38818359375 0.0107421875 0.0537109375
0 0.64794921875 0.39404296875 0.0224609375 0.1103515625
0 0.671142578125 0.3916015625 0.02294921875 0.11328125
0 0.698486328125 0.40234375 0.03564453125 0.17578125
0 0.6591796875 0.40576171875 0.0361328125 0.1767578125
