0 0.7744140625 0.40380859375 0.021484375 0.1083984375
0 0.793212890625 0.40380859375 0.02001953125 0.0986328125
0 0.81298828125 0.39990234375 0.0234375 0.1142578125
0 0.92333984375 0.39501953125 0.015625 0.0771484375
0 0.578125 0.4072265625 0.0205078125 0.099609375
0 0.623046875 0.4130859375 0.0205078125 0.1015625
0 0.76513671875 0.41162109375 0.0244140625 0.1201171875
0 0.75048828125 0.4052734375 0.03125 0.15625
0 0.957275390625 0.39599609375 0.02001953125 0.1005859375
0 0.973388671875 0.400390625 0.02099609375 0.10546875
0 0.448974609375 0.4169921875 0.01513671875 0.07421875
0 0.4609375 0.41357421875 0.0166015625 0.0810546875
0 0.413818359375 0.396484375 0.00537109375 0.029296875
0 0.323486328125 0.3974609375 0.00732421875 0.0390625
0 0.326904296875 0.40771484375 0.00927734375 0.0458984375
0 0.3486328125 0.41455078125 0.0126953125 0.0634765625
0 0.35888671875 0.41357421875 0.0107421875 0.0537109375
0 0.383544921875 0.4091796875 0.01513671875 0.07421875
0 0.379150390625 0.41552734375 0.01611328125 0.0810546875
0 0.39794921875 0.4228515625 0.0263671875 0.12890625
0 0.427978515625 0.41552734375 0.01416015625 0.0712890625
0 0.427978515625 0.4072265625 0.02490234375 0.123046875
0 0.304931640625 0.42333984375 0.01611328125 0.0791015625
0 0.28759765625 0.42626953125 0.01171875 0.0576171875
0 0.287841796875 0.4248046875 0.01416015625 0.0703125
0 0.30224609375 0.42333984375 0.01953125 0.0966796875
0 0.333740234375 0.4208984375 0.01806640625 0.08984375
