0 0.34033203125 0.41455078125 0.0068359375 0.0341796875
0 0.450439453125 0.408203125 0.00537109375 0.029296875
0 0.447265625 0.40673828125 0.0068359375 0.0341796875
0 0.3525390625 0.4169921875 0.0087890625 0.044921875
0 0.379150390625 0.4150390625 0.00830078125 0.04296875
0 0.4677734375 0.40478515625 0.005859375 0.0322265625
0 0.440185546875 0.4091796875 0.00732421875 0.037109375
0 0.543212890625 0.4072265625 0.01806640625 0.08984375
0 0.623046875 0.39501953125 0.0087890625 0.0439453125
0 0.6357421875 0.3955078125 0.0107421875 0.0546875
0 0.6435546875 0.400390625 0.009765625 0.048828125
0 0.6484375 0.3935546875 0.0107421875 0.052734375
0 0.730224609375 0.41552734375 0.04541015625 0.2236328125
0 0.78662109375 0.44384765625 0.033203125 0.1630859375
0 0.6953125 0.41796875 0.0615234375 0.302734375
