0 0.369384765625 0.4169921875 0.00732421875 0.0390625
0 0.327392578125 0.4228515625 0.00732421875 0.037109375
0 0.083984375 0.431640625 0.0234375 0.1171875
0 0.7197265625 0.40869140625 0.0078125 0.0400390625
0 0.729248046875 0.40673828125 0.00830078125 0.0419921875
0 0.756103515625 0.408203125 0.00732421875 0.037109375
0 0.76171875 0.4072265625 0.0107421875 0.052734375
0 0.78662109375 0.40380859375 0.0126953125 0.0634765625
0 0.80419921875 0.40673828125 0.0126953125 0.0634765625
0 0.39697265625 0.421875 0.009765625 0.048828125
0 0.427978515625 0.41845703125 0.01025390625 0.0517578125
