0 0.09375 0.4189453125 0.0146484375 0.072265625
0 0.993408203125 0.39306640625 0.01220703125 0.1044921875
0 0.989013671875 0.39404296875 0.02099609375 0.1240234375
0 0.971923828125 0.41845703125 0.02587890625 0.1279296875
0 0.52197265625 0.4130859375 0.0029296875 0.015625
0 0.684326171875 0.40380859375 0.00830078125 0.0419921875
0 0.3486328125 0.40380859375 0.005859375 0.0302734375
0 0.690673828125 0.404296875 0.00732421875 0.037109375
0 0.69775390625 0.404296875 0.0087890625 0.044921875
0 0.706298828125 0.40283203125 0.00927734375 0.0478515625
0 0.341796875 0.41259765625 0.0078125 0.0400390625
0 0.31982421875 0.40380859375 0.0078125 0.0380859375
0 0.52587890625 0.4140625 0.0029296875 0.015625
0 0.676025390625 0.4072265625 0.01025390625 0.05078125
