0 0.02685546875 0.38671875 0.0185546875 0.091796875
0 0.10546875 0.38037109375 0.01171875 0.0576171875
0 0.198486328125 0.3896484375 0.01123046875 0.056640625
0 0.126953125 0.38818359375 0.01171875 0.0576171875
0 0.23291015625 0.39990234375 0.015625 0.0771484375
0 0.212158203125 0.40625 0.01708984375 0.0859375
0 0.464599609375 0.41455078125 0.01220703125 0.0615234375
0 0.52099609375 0.4169921875 0.01171875 0.05859375
0 0.517822265625 0.41650390625 0.01220703125 0.0615234375
0 0.489013671875 0.40283203125 0.01025390625 0.0517578125
0 0.494140625 0.4052734375 0.0107421875 0.052734375
0 0.506591796875 0.42431640625 0.00927734375 0.0458984375
0 0.498046875 0.4140625 0.0107421875 0.0546875
0 0.500244140625 0.42041015625 0.01220703125 0.0615234375
0 0.488525390625 0.41748046875 0.01318359375 0.0654296875
0 0.48046875 0.41552734375 0.013671875 0.0693359375
0 0.913818359375 0.4384765625 0.01416015625 0.0703125
0 0.875 0.42822265625 0.0146484375 0.0732421875
0 0.87646484375 0.43408203125 0.013671875 0.0693359375
0 0.894775390625 0.4345703125 0.01318359375 0.06640625
0 0.9033203125 0.4345703125 0.0146484375 0.07421875
0 0.9091796875 0.43896484375 0.013671875 0.0693359375
0 0.888427734375 0.43359375 0.01611328125 0.078125
