0 0.528076171875 0.404296875 0.00830078125 0.04296875
0 0.515869140625 0.40576171875 0.00830078125 0.0419921875
0 0.506591796875 0.4072265625 0.00927734375 0.046875
0 0.46533203125 0.4111328125 0.01171875 0.056640625
0 0.401611328125 0.41064453125 0.01123046875 0.0556640625
0 0.41796875 0.41064453125 0.01171875 0.0595703125
0 0.32421875 0.41162109375 0.0087890625 0.0419921875
0 0.3076171875 0.42822265625 0.0234375 0.1142578125
0 0.2861328125 0.41943359375 0.01953125 0.0966796875
0 0.25732421875 0.41845703125 0.0224609375 0.1123046875
0 0.086181640625 0.43017578125 0.02978515625 0.1455078125
0 0.571044921875 0.4208984375 0.02001953125 0.099609375
