0 0.17822265625 0.4169921875 0.005859375 0.029296875
0 0.03173828125 0.43798828125 0.0341796875 0.1689453125
0 0.100830078125 0.4326171875 0.03466796875 0.169921875
0 0.534423828125 0.4130859375 0.00634765625 0.033203125
0 0.557373046875 0.42041015625 0.00537109375 0.0263671875
0 0.696533203125 0.4248046875 0.00634765625 0.03125
0 0.65625 0.4130859375 0.0048828125 0.025390625
0 0.629150390625 0.41552734375 0.01708984375 0.0849609375
0 0.767578125 0.41943359375 0.021484375 0.1064453125
0 0.748291015625 0.42236328125 0.02099609375 0.1025390625
0 0.966552734375 0.4267578125 0.06591796875 0.388671875
0 0.541748046875 0.41357421875 0.00732421875 0.0361328125
