0 0.229736328125 0.38427734375 0.01220703125 0.0595703125
0 0.22509765625 0.39208984375 0.01171875 0.0595703125
0 0.23583984375 0.39306640625 0.013671875 0.0693359375
0 0.017578125 0.40625 0.03515625 0.18359375
0 0.013671875 0.412109375 0.02734375 0.173828125
0 0.04541015625 0.40869140625 0.0361328125 0.1767578125
0 0.177734375 0.39404296875 0.0146484375 0.0732421875
0 0.34228515625 0.39990234375 0.03515625 0.1728515625
0 0.385986328125 0.39501953125 0.03955078125 0.1943359375
0 0.386962890625 0.40869140625 0.03662109375 0.1787109375
0 0.634765625 0.39111328125 0.0341796875 0.1708984375
0 0.6513671875 0.39990234375 0.0322265625 0.1591796875
0 0.732421875 0.39306640625 0.0263671875 0.1298828125
0 0.745849609375 0.39306640625 0.02783203125 0.1376953125
0 0.92919921875 0.38671875 0.0244140625 0.12109375
0 0.910400390625 0.38232421875 0.02685546875 0.1318359375
0 0.814208984375 0.384765625 0.02783203125 0.138671875
