0 0.55810546875 0.39208984375 0.0068359375 0.0361328125
0 0.5654296875 0.390625 0.009765625 0.046875
0 0.54931640625 0.3974609375 0.013671875 0.068359375
0 0.54296875 0.39697265625 0.013671875 0.0693359375
0 0.575439453125 0.39111328125 0.01708984375 0.0849609375
0 0.588134765625 0.39501953125 0.01025390625 0.0517578125
0 0.854248046875 0.396484375 0.05712890625 0.279296875
0 0.779052734375 0.39697265625 0.05810546875 0.2841796875
0 0.73583984375 0.3818359375 0.0673828125 0.328125
0 0.36865234375 0.40625 0.0078125 0.0390625
0 0.372314453125 0.40625 0.00830078125 0.041015625
0 0.363525390625 0.40771484375 0.00927734375 0.0478515625
0 0.347900390625 0.40576171875 0.00732421875 0.0380859375
0 0.3505859375 0.4111328125 0.0087890625 0.04296875
0 0.340087890625 0.41015625 0.00830078125 0.041015625
0 0.333251953125 0.4111328125 0.01025390625 0.05078125
0 0.32275390625 0.408203125 0.009765625 0.05078125
0 0.3134765625 0.40576171875 0.0107421875 0.0537109375
0 0.0849609375 0.421875 0.015625 0.078125
0 0.066650390625 0.4228515625 0.01708984375 0.083984375
0 0.046142578125 0.4267578125 0.01611328125 0.080078125
