0 0.080810546875 0.41162109375 0.00830078125 0.0419921875
0 0.08740234375 0.41259765625 0.0078125 0.0380859375
0 0.2255859375 0.400390625 0.0048828125 0.025390625
0 0.219970703125 0.408203125 0.00732421875 0.037109375
0 0.22412109375 0.4072265625 0.0078125 0.0390625
0 0.34375 0.40087890625 0.00390625 0.0224609375
0 0.33544921875 0.39990234375 0.0048828125 0.0244140625
0 0.75634765625 0.41748046875 0.0439453125 0.2177734375
0 0.3134765625 0.41259765625 0.009765625 0.0498046875
0 0.295654296875 0.419921875 0.01708984375 0.0859375
0 0.399169921875 0.404296875 0.00830078125 0.041015625
0 0.469970703125 0.404296875 0.00830078125 0.041015625
0 0.23681640625 0.4189453125 0.017578125 0.087890625
0 0.47412109375 0.41064453125 0.005859375 0.0283203125
0 0.406982421875 0.419921875 0.01611328125 0.08203125
0 0.504638671875 0.39794921875 0.00927734375 0.0478515625
0 0.501953125 0.40185546875 0.0087890625 0.0419921875
0 0.48486328125 0.40869140625 0.0068359375 0.0322265625
0 0.583251953125 0.41162109375 0.01611328125 0.0791015625
0 0.56982421875 0.41162109375 0.0185546875 0.0908203125
0 0.55224609375 0.4072265625 0.0146484375 0.072265625
0 0.545654296875 0.41259765625 0.01611328125 0.0791015625
0 0.59521484375 0.40283203125 0.013671875 0.0693359375
0 0.560546875 0.4169921875 0.0224609375 0.111328125
0 0.59033203125 0.4130859375 0.0224609375 0.109375
