0 0.160888671875 0.40234375 0.00634765625 0.03125
0 0.178955078125 0.40283203125 0.00732421875 0.0361328125
0 0.19384765625 0.404296875 0.005859375 0.029296875
0 0.66357421875 0.3955078125 0.0087890625 0.04296875
0 0.669189453125 0.39892578125 0.00732421875 0.0380859375
0 0.645263671875 0.3955078125 0.00634765625 0.03125
0 0.8095703125 0.39501953125 0.0146484375 0.0732421875
0 0.853759765625 0.40234375 0.01318359375 0.064453125
0 0.35546875 0.40283203125 0.005859375 0.0302734375
0 0.3291015625 0.39990234375 0.005859375 0.0302734375
0 0.340576171875 0.40234375 0.00634765625 0.033203125
