0 0.411865234375 0.41259765625 0.00927734375 0.0439453125
0 0.419921875 0.4169921875 0.0068359375 0.037109375
0 0.41748046875 0.41357421875 0.0087890625 0.0439453125
0 0.422607421875 0.4140625 0.00732421875 0.03515625
0 0.42626953125 0.4140625 0.0078125 0.0390625
0 0.430419921875 0.4130859375 0.00927734375 0.046875
0 0.4423828125 0.41357421875 0.0087890625 0.0439453125
0 0.48193359375 0.40576171875 0.0048828125 0.0263671875
0 0.49365234375 0.41015625 0.005859375 0.03125
0 0.57763671875 0.39892578125 0.0068359375 0.0341796875
0 0.5810546875 0.4013671875 0.0078125 0.0390625
0 0.614501953125 0.40380859375 0.01220703125 0.0615234375
0 0.622802734375 0.400390625 0.02099609375 0.103515625
0 0.65185546875 0.40380859375 0.0205078125 0.1005859375
0 0.06884765625 0.43896484375 0.056640625 0.2783203125
