0 0.073486328125 0.38916015625 0.00634765625 0.0322265625
0 0.389404296875 0.39404296875 0.00830078125 0.0419921875
0 0.431396484375 0.39501953125 0.00830078125 0.0400390625
0 0.41845703125 0.3974609375 0.0068359375 0.033203125
0 0.412109375 0.39404296875 0.0078125 0.0400390625
0 0.166748046875 0.390625 0.01318359375 0.064453125
0 0.45703125 0.3984375 0.0048828125 0.025390625
0 0.4619140625 0.39599609375 0.005859375 0.0302734375
0 0.5341796875 0.3955078125 0.0087890625 0.044921875
0 0.5439453125 0.39892578125 0.0107421875 0.0537109375
0 0.79638671875 0.40625 0.013671875 0.068359375
0 0.81103515625 0.40380859375 0.013671875 0.0693359375
0 0.69580078125 0.40625 0.01171875 0.05859375
