0 0.6162109375 0.390625 0.005859375 0.029296875
0 0.76416015625 0.3916015625 0.021484375 0.107421875
0 0.7373046875 0.39404296875 0.021484375 0.1064453125
0 0.716796875 0.408203125 0.0302734375 0.1484375
0 0.689453125 0.4130859375 0.0302734375 0.1484375
0 0.607177734375 0.388671875 0.00732421875 0.03515625
0 0.59765625 0.38916015625 0.01171875 0.0595703125
0 0.537353515625 0.38671875 0.00732421875 0.03515625
0 0.45703125 0.39306640625 0.0107421875 0.0537109375
0 0.349853515625 0.419921875 0.03271484375 0.162109375
0 0.2041015625 0.41015625 0.0361328125 0.177734375
