0 0.619384765625 0.3994140625 0.01513671875 0.07421875
0 0.439453125 0.38037109375 0.0146484375 0.0712890625
0 0.4560546875 0.392578125 0.0126953125 0.064453125
0 0.4404296875 0.3955078125 0.0126953125 0.064453125
0 0.447998046875 0.396484375 0.01611328125 0.080078125
0 0.4189453125 0.390625 0.0185546875 0.091796875
0 0.482177734375 0.3828125 0.01416015625 0.0703125
0 0.477783203125 0.3916015625 0.01708984375 0.083984375
0 0.24609375 0.3681640625 0.01171875 0.05859375
0 0.345947265625 0.4052734375 0.03466796875 0.169921875
0 0.27197265625 0.40185546875 0.03515625 0.1728515625
0 0.173095703125 0.37939453125 0.01513671875 0.0732421875
0 0.17919921875 0.3896484375 0.0126953125 0.0625
0 0.560791015625 0.404296875 0.02978515625 0.14453125
0 0.580810546875 0.4052734375 0.02197265625 0.109375
0 0.57177734375 0.4150390625 0.0302734375 0.1484375
