0 0.1962890625 0.419921875 0.0107421875 0.0546875
0 0.2109375 0.41650390625 0.0126953125 0.0634765625
0 0.24169921875 0.421875 0.013671875 0.068359375
0 0.2666015625 0.41455078125 0.009765625 0.0478515625
0 0.571044921875 0.41748046875 0.01416015625 0.0693359375
0 0.595703125 0.40673828125 0.017578125 0.0888671875
0 0.6875 0.41552734375 0.029296875 0.1435546875
0 0.76611328125 0.439453125 0.044921875 0.220703125
0 0.136962890625 0.41796875 0.01806640625 0.08984375
0 0.12548828125 0.423828125 0.01953125 0.09765625
0 0.674072265625 0.41796875 0.02880859375 0.142578125
