0 0.56640625 0.419921875 0.0185546875 0.091796875
0 0.5693359375 0.41845703125 0.0185546875 0.0927734375
0 0.60302734375 0.41064453125 0.017578125 0.0869140625
0 0.606201171875 0.41943359375 0.01806640625 0.0908203125
0 0.85693359375 0.41162109375 0.01953125 0.0966796875
0 0.832763671875 0.408203125 0.02001953125 0.099609375
0 0.8134765625 0.40380859375 0.01953125 0.0966796875
0 0.781005859375 0.4130859375 0.01904296875 0.095703125
0 0.79150390625 0.41455078125 0.0185546875 0.0908203125
0 0.798583984375 0.419921875 0.01708984375 0.083984375
0 0.73876953125 0.4130859375 0.0205078125 0.1015625
0 0.70751953125 0.41455078125 0.0185546875 0.0927734375
0 0.655029296875 0.4169921875 0.01806640625 0.091796875
0 0.646484375 0.416015625 0.01953125 0.095703125
0 0.638671875 0.4208984375 0.0185546875 0.091796875
0 0.67431640625 0.41455078125 0.0185546875 0.0927734375
0 0.662109375 0.421875 0.017578125 0.0859375
0 0.6796875 0.4208984375 0.017578125 0.087890625
0 0.69287109375 0.41796875 0.01953125 0.095703125
0 0.01171875 0.43359375 0.01171875 0.056640625
0 0.027099609375 0.42919921875 0.01318359375 0.0654296875
0 0.32080078125 0.4365234375 0.0166015625 0.080078125
0 0.373291015625 0.4326171875 0.01513671875 0.07421875
0 0.3369140625 0.435546875 0.0166015625 0.083984375
0 0.351318359375 0.43505859375 0.01708984375 0.0849609375
0 0.36328125 0.4384765625 0.0166015625 0.08203125
0 0.401611328125 0.42919921875 0.02001953125 0.0986328125
