0 0.33642578125 0.404296875 0.0048828125 0.025390625
0 0.21240234375 0.4189453125 0.013671875 0.068359375
0 0.233154296875 0.42919921875 0.00537109375 0.0283203125
0 0.198974609375 0.43017578125 0.00732421875 0.0380859375
0 0.099853515625 0.4365234375 0.00732421875 0.037109375
0 0.26416015625 0.44921875 0.0322265625 0.16015625
0 0.419189453125 0.40625 0.00634765625 0.03125
0 0.49267578125 0.39794921875 0.0048828125 0.0263671875
0 0.4873046875 0.3916015625 0.009765625 0.048828125
0 0.663330078125 0.373046875 0.01220703125 0.060546875
