0 0.6806640625 0.37060546875 0.025390625 0.1259765625
0 0.69287109375 0.3876953125 0.03125 0.154296875
0 0.29638671875 0.39306640625 0.0078125 0.0380859375
0 0.304931640625 0.388671875 0.00634765625 0.033203125
0 0.108642578125 0.400390625 0.01416015625 0.0703125
0 0.122802734375 0.40283203125 0.01220703125 0.0615234375
0 0.4296875 0.38427734375 0.0048828125 0.0244140625
0 0.43408203125 0.3828125 0.0048828125 0.0234375
0 0.5810546875 0.37451171875 0.0078125 0.0400390625
0 0.585205078125 0.37744140625 0.00927734375 0.0478515625
0 0.657470703125 0.37939453125 0.02294921875 0.1142578125
0 0.566650390625 0.38134765625 0.00927734375 0.0478515625
