0 0.681640625 0.39990234375 0.0107421875 0.0556640625
0 0.90087890625 0.3984375 0.015625 0.078125
0 0.765625 0.4052734375 0.0146484375 0.07421875
0 0.79248046875 0.4072265625 0.015625 0.078125
0 0.685546875 0.412109375 0.0126953125 0.064453125
0 0.66845703125 0.40234375 0.01171875 0.05859375
0 0.818115234375 0.4052734375 0.01904296875 0.095703125
0 0.805419921875 0.40625 0.01904296875 0.09375
0 0.83251953125 0.408203125 0.01953125 0.095703125
0 0.6025390625 0.4189453125 0.0205078125 0.1015625
0 0.620361328125 0.41552734375 0.02197265625 0.1064453125
0 0.53857421875 0.42626953125 0.017578125 0.0869140625
0 0.51123046875 0.41796875 0.017578125 0.0859375
0 0.493896484375 0.4140625 0.01904296875 0.095703125
0 0.526123046875 0.42041015625 0.02294921875 0.1142578125
0 0.555908203125 0.4375 0.04541015625 0.22265625
0 0.45947265625 0.42041015625 0.0126953125 0.0654296875
0 0.416259765625 0.43359375 0.02587890625 0.126953125
0 0.298583984375 0.423828125 0.02099609375 0.10546875
0 0.26904296875 0.42431640625 0.01171875 0.0576171875
0 0.216552734375 0.4599609375 0.02978515625 0.146484375
0 0.88623046875 0.3974609375 0.0146484375 0.072265625
