0 0.21923828125 0.43212890625 0.0087890625 0.0458984375
0 0.19677734375 0.43310546875 0.009765625 0.0478515625
0 0.584716796875 0.4150390625 0.00634765625 0.03125
0 0.212158203125 0.4345703125 0.00830078125 0.04296875
0 0.722900390625 0.4501953125 0.05908203125 0.2890625
0 0.779296875 0.45849609375 0.05859375 0.2880859375
0 0.850341796875 0.43994140625 0.08251953125 0.4033203125
0 0.94677734375 0.4736328125 0.0830078125 0.40625
0 0.90966796875 0.43359375 0.1005859375 0.4921875
0 0.193603515625 0.435546875 0.00830078125 0.04296875
