0 0.39404296875 0.39501953125 0.009765625 0.0498046875
0 0.27099609375 0.400390625 0.0185546875 0.091796875
0 0.86181640625 0.37646484375 0.015625 0.0771484375
0 0.816162109375 0.37744140625 0.01611328125 0.0810546875
0 0.802978515625 0.37939453125 0.01513671875 0.0771484375
0 0.7890625 0.37890625 0.013671875 0.068359375
0 0.97509765625 0.46533203125 0.048828125 0.4677734375
0 0.7392578125 0.38134765625 0.017578125 0.0869140625
0 0.65380859375 0.380859375 0.0107421875 0.0546875
0 0.650146484375 0.3974609375 0.02001953125 0.09765625
0 0.664794921875 0.38427734375 0.01416015625 0.0712890625
0 0.67822265625 0.39453125 0.021484375 0.10546875
0 0.5703125 0.3955078125 0.0087890625 0.044921875
0 0.45458984375 0.39208984375 0.0048828125 0.0244140625
0 0.565185546875 0.38525390625 0.00634765625 0.0302734375
0 0.621337890625 0.3701171875 0.00732421875 0.0390625
0 0.614013671875 0.37646484375 0.00732421875 0.0361328125
0 0.425048828125 0.4013671875 0.01416015625 0.072265625
0 0.58740234375 0.39794921875 0.021484375 0.1044921875
0 0.557373046875 0.40380859375 0.02392578125 0.1181640625
0 0.5986328125 0.3994140625 0.0302734375 0.1484375
