0 0.124755859375 0.41357421875 0.00634765625 0.0322265625
0 0.117919921875 0.4150390625 0.00634765625 0.03125
0 0.175537109375 0.41455078125 0.01220703125 0.0615234375
0 0.160888671875 0.4150390625 0.01220703125 0.060546875
0 0.199951171875 0.4228515625 0.01708984375 0.083984375
0 0.21337890625 0.419921875 0.0166015625 0.08203125
0 0.25341796875 0.40771484375 0.01171875 0.0576171875
0 0.247802734375 0.41015625 0.01708984375 0.083984375
0 0.37548828125 0.4033203125 0.0146484375 0.072265625
0 0.301025390625 0.41845703125 0.02197265625 0.1083984375
0 0.474365234375 0.41064453125 0.02392578125 0.1181640625
0 0.420166015625 0.41064453125 0.02685546875 0.1337890625
0 0.8115234375 0.3837890625 0.0498046875 0.244140625
