0 0.34521484375 0.39306640625 0.005859375 0.0283203125
0 0.42236328125 0.39892578125 0.005859375 0.0302734375
0 0.810302734375 0.42431640625 0.00537109375 0.0283203125
0 0.818603515625 0.41650390625 0.00732421875 0.0380859375
0 0.12646484375 0.52392578125 0.111328125 0.5439453125
0 0.109619140625 0.5302734375 0.14208984375 0.6953125
0 0.29736328125 0.4296875 0.03515625 0.173828125
0 0.30322265625 0.44921875 0.029296875 0.142578125
0 0.40087890625 0.41796875 0.0341796875 0.169921875
0 0.393310546875 0.4228515625 0.03564453125 0.17578125
0 0.520751953125 0.4033203125 0.00927734375 0.046875
0 0.548095703125 0.4033203125 0.00830078125 0.041015625
0 0.61083984375 0.40869140625 0.0068359375 0.0341796875
0 0.599609375 0.40576171875 0.0068359375 0.0341796875
0 0.64794921875 0.41259765625 0.0068359375 0.0341796875
0 0.738525390625 0.4140625 0.00927734375 0.046875
0 0.91259765625 0.44091796875 0.0087890625 0.0439453125
0 0.86962890625 0.43115234375 0.03515625 0.1708984375
0 0.679443359375 0.42578125 0.03857421875 0.189453125
0 0.722412109375 0.43701171875 0.05224609375 0.2548828125
0 0.48974609375 0.4306640625 0.04296875 0.2109375
0 0.484130859375 0.43994140625 0.04443359375 0.2197265625
