0 0.80712890625 0.38623046875 0.01171875 0.0595703125
0 0.831787109375 0.3798828125 0.02685546875 0.130859375
0 0.766357421875 0.3818359375 0.01025390625 0.052734375
0 0.760498046875 0.38037109375 0.01416015625 0.0712890625
0 0.230712890625 0.4248046875 0.02294921875 0.115234375
0 0.090087890625 0.42919921875 0.02978515625 0.1474609375
0 0.1044921875 0.42138671875 0.0302734375 0.1494140625
0 0.111328125 0.4296875 0.0302734375 0.1484375
0 0.04296875 0.4228515625 0.0224609375 0.111328125
0 0.0126953125 0.42333984375 0.0244140625 0.1201171875
