0 0.689208984375 0.38525390625 0.01904296875 0.0947265625
0 0.6826171875 0.384765625 0.0205078125 0.1015625
0 0.7099609375 0.390625 0.0146484375 0.072265625
0 0.71630859375 0.384765625 0.0166015625 0.08203125
0 0.719482421875 0.39013671875 0.01806640625 0.0888671875
0 0.7666015625 0.3828125 0.0185546875 0.091796875
0 0.79443359375 0.384765625 0.0185546875 0.08984375
0 0.77783203125 0.400390625 0.0126953125 0.064453125
0 0.977783203125 0.3798828125 0.01513671875 0.07421875
0 0.990234375 0.37548828125 0.0048828125 0.0244140625
0 0.87255859375 0.4130859375 0.0107421875 0.052734375
0 0.90625 0.37939453125 0.03125 0.1552734375
