0 0.811279296875 0.34033203125 0.01416015625 0.0712890625
0 0.17236328125 0.4404296875 0.0244140625 0.119140625
0 0.281005859375 0.4326171875 0.01513671875 0.07421875
0 0.26611328125 0.4296875 0.015625 0.078125
0 0.27587890625 0.4248046875 0.0224609375 0.111328125
0 0.25439453125 0.43408203125 0.0185546875 0.0927734375
0 0.232666015625 0.43603515625 0.01904296875 0.0927734375
0 0.200927734375 0.43994140625 0.02294921875 0.1162109375
0 0.795654296875 0.345703125 0.01416015625 0.0703125
0 0.502685546875 0.3896484375 0.01025390625 0.05078125
