0 0.262939453125 0.4833984375 0.01416015625 0.0703125
0 0.36865234375 0.470703125 0.0078125 0.0390625
0 0.39599609375 0.46923828125 0.005859375 0.0302734375
0 0.402587890625 0.466796875 0.00732421875 0.037109375
0 0.41455078125 0.4638671875 0.0078125 0.0390625
0 0.48828125 0.45849609375 0.009765625 0.0478515625
0 0.654296875 0.47021484375 0.0322265625 0.1591796875
0 0.681640625 0.47412109375 0.029296875 0.1435546875
0 0.694580078125 0.462890625 0.03564453125 0.173828125
0 0.759521484375 0.443359375 0.02294921875 0.11328125
0 0.75048828125 0.4443359375 0.0234375 0.115234375
0 0.857177734375 0.4345703125 0.02001953125 0.09765625
0 0.900390625 0.4619140625 0.0380859375 0.1875
0 0.958984375 0.4365234375 0.0322265625 0.158203125
0 0.97265625 0.4560546875 0.0400390625 0.1953125
