0 0.058837890625 0.41650390625 0.01708984375 0.0869140625
0 0.024169921875 0.41650390625 0.01806640625 0.0888671875
0 0.044921875 0.41259765625 0.0205078125 0.1005859375
0 0.122314453125 0.4130859375 0.01611328125 0.080078125
0 0.113037109375 0.4140625 0.01904296875 0.09375
0 0.142333984375 0.412109375 0.01904296875 0.095703125
0 0.181884765625 0.4423828125 0.04443359375 0.220703125
0 0.2578125 0.453125 0.0498046875 0.244140625
0 0.329833984375 0.40283203125 0.00927734375 0.0478515625
0 0.33740234375 0.4091796875 0.0185546875 0.091796875
0 0.60546875 0.38623046875 0.0087890625 0.0439453125
0 0.60791015625 0.3896484375 0.0087890625 0.04296875
0 0.636474609375 0.39599609375 0.01416015625 0.0693359375
0 0.671630859375 0.39990234375 0.01708984375 0.0849609375
0 0.440673828125 0.43994140625 0.04638671875 0.2255859375
0 0.71337890625 0.3896484375 0.0107421875 0.0546875
0 0.72900390625 0.3896484375 0.0146484375 0.072265625
0 0.7333984375 0.38525390625 0.0146484375 0.0751953125
0 0.759765625 0.38623046875 0.01171875 0.0595703125
0 0.835693359375 0.400390625 0.01806640625 0.08984375
0 0.787109375 0.4521484375 0.0654296875 0.3203125
