0 0.51318359375 0.42431640625 0.013671875 0.0673828125
0 0.6943359375 0.4091796875 0.009765625 0.048828125
0 0.713623046875 0.4130859375 0.00927734375 0.044921875
0 0.73876953125 0.41357421875 0.0146484375 0.0732421875
0 0.7529296875 0.41748046875 0.013671875 0.0673828125
0 0.632568359375 0.4248046875 0.04736328125 0.23046875
0 0.385498046875 0.42431640625 0.01513671875 0.0751953125
0 0.3779296875 0.4287109375 0.0146484375 0.072265625
0 0.299072265625 0.42431640625 0.00830078125 0.0419921875
0 0.2880859375 0.42626953125 0.0078125 0.0400390625
0 0.26220703125 0.46484375 0.046875 0.23046875
0 0.156982421875 0.46435546875 0.07080078125 0.3466796875
0 0.1015625 0.43603515625 0.013671875 0.0673828125
0 0.4560546875 0.44580078125 0.052734375 0.2587890625
0 0.04638671875 0.4423828125 0.015625 0.078125
