0 0.95068359375 0.4306640625 0.0224609375 0.111328125
0 0.94677734375 0.43310546875 0.0234375 0.1162109375
0 0.965576171875 0.42236328125 0.02685546875 0.1337890625
0 0.706787109375 0.42626953125 0.01416015625 0.0712890625
0 0.725341796875 0.4404296875 0.02978515625 0.1484375
0 0.8916015625 0.427734375 0.021484375 0.10546875
0 0.6181640625 0.43017578125 0.029296875 0.1455078125
0 0.02880859375 0.4052734375 0.025390625 0.125
0 0.050048828125 0.40869140625 0.02490234375 0.1240234375
0 0.07763671875 0.4111328125 0.0234375 0.115234375
0 0.107666015625 0.3935546875 0.01904296875 0.09375
0 0.01416015625 0.408203125 0.0283203125 0.15234375
0 0.272216796875 0.404296875 0.02392578125 0.1171875
0 0.38818359375 0.42041015625 0.0283203125 0.1396484375
