0 0.593505859375 0.404296875 0.01025390625 0.05078125
0 0.613525390625 0.40283203125 0.01025390625 0.0498046875
0 0.55712890625 0.39501953125 0.0087890625 0.0439453125
0 0.57470703125 0.40283203125 0.0107421875 0.0517578125
0 0.76611328125 0.3994140625 0.0087890625 0.04296875
0 0.78515625 0.4013671875 0.009765625 0.048828125
0 0.815185546875 0.39599609375 0.00732421875 0.0380859375
0 0.808837890625 0.39892578125 0.01708984375 0.0849609375
0 0.884521484375 0.39599609375 0.01318359375 0.0654296875
0 0.587646484375 0.40673828125 0.00927734375 0.0478515625
0 0.586181640625 0.41015625 0.01318359375 0.06640625
0 0.232666015625 0.43212890625 0.05810546875 0.2861328125
