0 0.51025390625 0.43505859375 0.005859375 0.0302734375
0 0.506103515625 0.4345703125 0.00927734375 0.046875
0 0.501953125 0.435546875 0.005859375 0.029296875
0 0.49365234375 0.43505859375 0.005859375 0.0283203125
0 0.484130859375 0.4365234375 0.01123046875 0.056640625
0 0.431396484375 0.4345703125 0.00634765625 0.033203125
0 0.411376953125 0.4423828125 0.00830078125 0.041015625
0 0.408935546875 0.44580078125 0.00830078125 0.0419921875
0 0.5322265625 0.43310546875 0.01171875 0.0595703125
0 0.695556640625 0.4208984375 0.03759765625 0.185546875
0 0.7470703125 0.4404296875 0.0458984375 0.2265625
0 0.726806640625 0.4482421875 0.04541015625 0.220703125
