0 0.1142578125 0.4306640625 0.0224609375 0.11328125
0 0.7197265625 0.40380859375 0.0068359375 0.0341796875
0 0.741455078125 0.40673828125 0.00830078125 0.0419921875
0 0.734130859375 0.40625 0.00830078125 0.04296875
0 0.771240234375 0.42626953125 0.02587890625 0.1279296875
0 0.818115234375 0.4345703125 0.02978515625 0.146484375
0 0.858154296875 0.41552734375 0.02880859375 0.1416015625
0 0.84912109375 0.41845703125 0.033203125 0.1630859375
0 0.8466796875 0.42431640625 0.0322265625 0.1591796875
0 0.86669921875 0.4228515625 0.0361328125 0.177734375
0 0.917236328125 0.4326171875 0.03564453125 0.17578125
0 0.08154296875 0.4423828125 0.01171875 0.060546875
