0 0.97998046875 0.3896484375 0.0390625 0.22265625
0 0.631103515625 0.40380859375 0.01708984375 0.0869140625
0 0.661376953125 0.39501953125 0.01806640625 0.0908203125
0 0.880126953125 0.40283203125 0.04443359375 0.2177734375
0 0.305419921875 0.421875 0.00439453125 0.0234375
0 0.270263671875 0.4296875 0.00732421875 0.03515625
0 0.27685546875 0.42724609375 0.0078125 0.0380859375
0 0.284423828125 0.4267578125 0.00634765625 0.033203125
0 0.337890625 0.419921875 0.0068359375 0.03515625
0 0.5078125 0.40966796875 0.01171875 0.0576171875
0 0.515869140625 0.4130859375 0.01611328125 0.08203125
0 0.472412109375 0.42333984375 0.01123046875 0.0576171875
