0 0.639892578125 0.40966796875 0.01123046875 0.0556640625
0 0.6728515625 0.3974609375 0.0166015625 0.080078125
0 0.664794921875 0.3984375 0.01806640625 0.087890625
0 0.688720703125 0.39892578125 0.01513671875 0.0751953125
0 0.402587890625 0.4052734375 0.01416015625 0.0703125
0 0.38525390625 0.40087890625 0.0126953125 0.0634765625
0 0.373046875 0.390625 0.01171875 0.060546875
0 0.3466796875 0.39501953125 0.0107421875 0.0537109375
0 0.240234375 0.40673828125 0.0126953125 0.0634765625
0 0.227783203125 0.40478515625 0.01416015625 0.0712890625
0 0.169189453125 0.4169921875 0.01708984375 0.0859375
0 0.17724609375 0.416015625 0.017578125 0.087890625
0 0.6435546875 0.40185546875 0.013671875 0.0693359375
0 0.64697265625 0.3994140625 0.0166015625 0.08203125
