0 0.504638671875 0.43701171875 0.01220703125 0.0595703125
0 0.435546875 0.43505859375 0.0146484375 0.0732421875
0 0.419189453125 0.4609375 0.02880859375 0.140625
0 0.34423828125 0.45947265625 0.017578125 0.0869140625
0 0.158935546875 0.45458984375 0.02001953125 0.1005859375
0 0.061279296875 0.48486328125 0.03759765625 0.1845703125
0 0.086669921875 0.4921875 0.03466796875 0.169921875
0 0.8779296875 0.4609375 0.03515625 0.173828125
0 0.912353515625 0.4716796875 0.05224609375 0.255859375
0 0.675048828125 0.46630859375 0.04052734375 0.1982421875
0 0.67431640625 0.4990234375 0.0791015625 0.388671875
