0 0.62060546875 0.41552734375 0.021484375 0.1064453125
0 0.6630859375 0.41943359375 0.02734375 0.1357421875
0 0.687255859375 0.42236328125 0.02490234375 0.1240234375
0 0.54833984375 0.4228515625 0.013671875 0.068359375
0 0.584228515625 0.4228515625 0.01220703125 0.060546875
0 0.581298828125 0.42578125 0.01611328125 0.08203125
0 0.469482421875 0.43017578125 0.00927734375 0.0458984375
0 0.411376953125 0.435546875 0.01513671875 0.076171875
0 0.404052734375 0.4326171875 0.01611328125 0.08203125
0 0.26611328125 0.427734375 0.01953125 0.09765625
