0 0.7177734375 0.4677734375 0.009765625 0.048828125
0 0.899169921875 0.48193359375 0.01708984375 0.0849609375
0 0.739501953125 0.5087890625 0.06103515625 0.298828125
0 0.764404296875 0.5029296875 0.07080078125 0.34765625
0 0.809326171875 0.5185546875 0.07861328125 0.3828125
0 0.4736328125 0.44873046875 0.0087890625 0.0439453125
0 0.447509765625 0.46826171875 0.01513671875 0.0751953125
0 0.43701171875 0.462890625 0.013671875 0.0703125
0 0.426513671875 0.46533203125 0.01513671875 0.0771484375
0 0.4521484375 0.46533203125 0.0166015625 0.0830078125
0 0.438720703125 0.4658203125 0.01513671875 0.078125
0 0.345947265625 0.4580078125 0.01318359375 0.06640625
0 0.343017578125 0.45947265625 0.01806640625 0.0888671875
0 0.400390625 0.46484375 0.0263671875 0.12890625
0 0.3955078125 0.46826171875 0.025390625 0.1240234375
0 0.29052734375 0.45166015625 0.013671875 0.0693359375
