0 0.142578125 0.49853515625 0.01171875 0.0595703125
0 0.153564453125 0.49609375 0.01318359375 0.064453125
0 0.2666015625 0.5126953125 0.0087890625 0.044921875
0 0.12646484375 0.4873046875 0.029296875 0.142578125
0 0.220947265625 0.49658203125 0.02880859375 0.1416015625
0 0.48486328125 0.4873046875 0.015625 0.076171875
0 0.47021484375 0.490234375 0.0283203125 0.140625
0 0.640380859375 0.48974609375 0.01513671875 0.0751953125
0 0.67236328125 0.49609375 0.0263671875 0.12890625
0 0.82373046875 0.4736328125 0.0068359375 0.033203125
0 0.830810546875 0.47509765625 0.00732421875 0.0361328125
0 0.906005859375 0.478515625 0.01025390625 0.05078125
0 0.941162109375 0.4775390625 0.00927734375 0.044921875
0 0.9169921875 0.48486328125 0.0166015625 0.0810546875
0 0.89697265625 0.484375 0.0146484375 0.07421875
0 0.867431640625 0.48974609375 0.01904296875 0.0947265625
0 0.881103515625 0.486328125 0.02001953125 0.099609375
