0 0.40234375 0.39599609375 0.009765625 0.0478515625
0 0.4921875 0.40234375 0.00390625 0.021484375
0 0.48779296875 0.3935546875 0.0078125 0.0390625
0 0.265380859375 0.43359375 0.01611328125 0.078125
0 0.121826171875 0.43994140625 0.04150390625 0.2041015625
0 0.6025390625 0.400390625 0.0107421875 0.052734375
0 0.595947265625 0.40234375 0.01123046875 0.0546875
0 0.710205078125 0.41943359375 0.03466796875 0.1708984375
0 0.780029296875 0.42236328125 0.03076171875 0.1533203125
0 0.604736328125 0.40478515625 0.01025390625 0.0498046875
