0 0.800537109375 0.38525390625 0.00634765625 0.0341796875
0 0.429931640625 0.416015625 0.01513671875 0.076171875
0 0.4951171875 0.3994140625 0.0166015625 0.08203125
0 0.52392578125 0.39794921875 0.01171875 0.0576171875
0 0.513671875 0.40283203125 0.01171875 0.0576171875
0 0.034912109375 0.5029296875 0.05517578125 0.26953125
0 0.087646484375 0.5419921875 0.03173828125 0.154296875
0 0.091552734375 0.5029296875 0.05322265625 0.26171875
0 0.640869140625 0.51904296875 0.10400390625 0.5087890625
0 0.568115234375 0.55712890625 0.10693359375 0.5244140625
0 0.86865234375 0.50390625 0.1025390625 0.5
0 0.87744140625 0.5244140625 0.1142578125 0.560546875
