0 0.733154296875 0.25048828125 0.02099609375 0.1044921875
0 0.749267578125 0.2470703125 0.02685546875 0.130859375
0 0.658203125 0.3056640625 0.0146484375 0.07421875
0 0.48046875 0.4375 0.0068359375 0.03515625
0 0.474853515625 0.43408203125 0.00830078125 0.0419921875
0 0.4619140625 0.435546875 0.009765625 0.05078125
0 0.453125 0.43408203125 0.009765625 0.0498046875
0 0.3173828125 0.451171875 0.02734375 0.1328125
0 0.241943359375 0.455078125 0.02587890625 0.126953125
0 0.268798828125 0.44970703125 0.03271484375 0.1611328125
