0 0.64404296875 0.39111328125 0.0087890625 0.0439453125
0 0.41455078125 0.421875 0.0126953125 0.0625
0 0.340087890625 0.44287109375 0.01123046875 0.0556640625
0 0.279296875 0.4267578125 0.017578125 0.087890625
0 0.30126953125 0.42236328125 0.017578125 0.0869140625
0 0.303466796875 0.4248046875 0.01708984375 0.083984375
0 0.199462890625 0.45166015625 0.02587890625 0.1279296875
0 0.67626953125 0.3916015625 0.009765625 0.048828125
0 0.630126953125 0.416015625 0.01611328125 0.080078125
0 0.589599609375 0.43505859375 0.03564453125 0.1748046875
