0 0.710693359375 0.4541015625 0.02392578125 0.119140625
0 0.732421875 0.44873046875 0.03125 0.1552734375
0 0.75244140625 0.47119140625 0.0419921875 0.2060546875
0 0.931640625 0.484375 0.0517578125 0.25390625
0 0.894287109375 0.4658203125 0.06103515625 0.296875
0 0.414794921875 0.43310546875 0.02001953125 0.0986328125
0 0.269775390625 0.42626953125 0.02587890625 0.1279296875
0 0.276123046875 0.43017578125 0.02587890625 0.1279296875
0 0.25146484375 0.4228515625 0.025390625 0.125
0 0.1171875 0.40234375 0.03125 0.154296875
0 0.089599609375 0.396484375 0.03173828125 0.15625
0 0.042236328125 0.388671875 0.03369140625 0.166015625
0 0.064453125 0.39599609375 0.03125 0.1552734375
0 0.05322265625 0.3984375 0.033203125 0.162109375
0 0.120849609375 0.41162109375 0.02880859375 0.1416015625
0 0.097900390625 0.404296875 0.03173828125 0.15625
0 0.18017578125 0.43505859375 0.041015625 0.2021484375
0 0.216552734375 0.44873046875 0.03857421875 0.1904296875
0 0.132568359375 0.44287109375 0.05517578125 0.2705078125
0 0.3955078125 0.4287109375 0.021484375 0.103515625
0 0.376220703125 0.421875 0.02392578125 0.119140625
0 0.342041015625 0.4150390625 0.02587890625 0.12890625
0 0.3271484375 0.41455078125 0.0244140625 0.1220703125
0 0.316162109375 0.42431640625 0.02294921875 0.1123046875
0 0.299560546875 0.4326171875 0.02490234375 0.123046875
0 0.31298828125 0.4306640625 0.025390625 0.126953125
0 0.361083984375 0.4326171875 0.03466796875 0.169921875
0 0.32763671875 0.4423828125 0.03125 0.15234375
