0 0.315185546875 0.34423828125 0.00634765625 0.0322265625
0 0.419189453125 0.36181640625 0.00634765625 0.0322265625
0 0.41162109375 0.35986328125 0.0068359375 0.0341796875
0 0.470703125 0.37841796875 0.01171875 0.0595703125
0 0.485107421875 0.375 0.01318359375 0.06640625
0 0.54443359375 0.37890625 0.0146484375 0.072265625
0 0.593994140625 0.388671875 0.01611328125 0.080078125
0 0.699462890625 0.42138671875 0.02490234375 0.1240234375
0 0.28076171875 0.3779296875 0.0224609375 0.111328125
0 0.260009765625 0.3759765625 0.02197265625 0.107421875
