0 0.3564453125 0.44482421875 0.015625 0.0791015625
0 0.372802734375 0.447265625 0.01513671875 0.076171875
0 0.39111328125 0.4462890625 0.015625 0.078125
0 0.27783203125 0.44189453125 0.0302734375 0.1494140625
0 0.319580078125 0.43994140625 0.02880859375 0.1435546875
0 0.300537109375 0.443359375 0.02880859375 0.142578125
0 0.327880859375 0.43798828125 0.03076171875 0.1533203125
0 0.162109375 0.470703125 0.029296875 0.14453125
0 0.177734375 0.44189453125 0.041015625 0.2021484375
0 0.172119140625 0.4814453125 0.02587890625 0.12890625
