0 0.4501953125 0.47509765625 0.0126953125 0.0634765625
0 0.44091796875 0.47900390625 0.01171875 0.0576171875
0 0.412109375 0.466796875 0.0205078125 0.1015625
0 0.154052734375 0.45556640625 0.04248046875 0.2080078125
0 0.501953125 0.44384765625 0.0048828125 0.0244140625
0 0.507568359375 0.44384765625 0.00537109375 0.0263671875
0 0.51171875 0.4453125 0.0048828125 0.025390625
0 0.55615234375 0.4736328125 0.013671875 0.068359375
0 0.634033203125 0.45166015625 0.03271484375 0.1611328125
0 0.67578125 0.45263671875 0.0302734375 0.1494140625
