0 0.2900390625 0.42431640625 0.01171875 0.0595703125
0 0.14013671875 0.431640625 0.0107421875 0.052734375
0 0.479248046875 0.43359375 0.02978515625 0.146484375
0 0.512451171875 0.423828125 0.01416015625 0.0703125
0 0.576904296875 0.4208984375 0.01318359375 0.06640625
0 0.5830078125 0.4267578125 0.0166015625 0.08203125
0 0.5302734375 0.43408203125 0.0498046875 0.2451171875
0 0.6728515625 0.4482421875 0.03125 0.15234375
0 0.66162109375 0.47021484375 0.0361328125 0.1787109375
0 0.635986328125 0.455078125 0.04248046875 0.208984375
0 0.9814453125 0.51611328125 0.0361328125 0.2236328125
