0 0.162109375 0.42919921875 0.0087890625 0.0458984375
0 0.00830078125 0.439453125 0.015625 0.080078125
0 0.08935546875 0.4365234375 0.0107421875 0.0546875
0 0.114013671875 0.44287109375 0.00732421875 0.0380859375
0 0.104248046875 0.43505859375 0.01220703125 0.0615234375
0 0.262939453125 0.416015625 0.00439453125 0.0234375
0 0.272216796875 0.4150390625 0.00537109375 0.02734375
0 0.247802734375 0.4169921875 0.00634765625 0.03125
0 0.2451171875 0.42626953125 0.009765625 0.0478515625
0 0.32568359375 0.41015625 0.0029296875 0.015625
0 0.487548828125 0.408203125 0.00439453125 0.0234375
0 0.531494140625 0.40625 0.00537109375 0.029296875
0 0.452392578125 0.40576171875 0.00439453125 0.0224609375
0 0.456787109375 0.40673828125 0.00341796875 0.0166015625
0 0.46533203125 0.4091796875 0.0048828125 0.025390625
0 0.414794921875 0.41650390625 0.01220703125 0.0595703125
0 0.829345703125 0.4013671875 0.01904296875 0.09375
0 0.7431640625 0.4091796875 0.0234375 0.1171875
0 0.9326171875 0.4052734375 0.03515625 0.173828125
0 0.960205078125 0.3984375 0.03173828125 0.15625
0 0.9462890625 0.41259765625 0.0361328125 0.1787109375
0 0.321044921875 0.41552734375 0.00537109375 0.0263671875
0 0.25732421875 0.41650390625 0.0048828125 0.0263671875
