0 0.423095703125 0.4326171875 0.00732421875 0.037109375
0 0.46044921875 0.42724609375 0.01171875 0.0595703125
0 0.354736328125 0.4375 0.02685546875 0.1328125
0 0.32373046875 0.46240234375 0.017578125 0.0888671875
0 0.305419921875 0.4267578125 0.03076171875 0.15234375
0 0.277099609375 0.44384765625 0.03662109375 0.1806640625
0 0.22607421875 0.44091796875 0.0390625 0.1923828125
0 0.0419921875 0.494140625 0.0830078125 0.40625
0 0.5849609375 0.41845703125 0.005859375 0.0302734375
0 0.590576171875 0.416015625 0.00732421875 0.03515625
