0 0.558837890625 0.439453125 0.00341796875 0.015625
0 0.5595703125 0.453125 0.0048828125 0.025390625
0 0.4560546875 0.45751953125 0.0078125 0.0400390625
0 0.393310546875 0.45947265625 0.01123046875 0.0576171875
0 0.2880859375 0.46630859375 0.0224609375 0.1103515625
0 0.305419921875 0.46923828125 0.02294921875 0.1142578125
0 0.263427734375 0.47119140625 0.02685546875 0.1318359375
0 0.24462890625 0.49560546875 0.017578125 0.0869140625
0 0.220703125 0.466796875 0.029296875 0.14453125
0 0.378173828125 0.45947265625 0.01708984375 0.0849609375
0 0.388671875 0.4609375 0.0166015625 0.08203125
0 0.376953125 0.46337890625 0.0185546875 0.0927734375
0 0.36572265625 0.46728515625 0.017578125 0.0888671875
0 0.0595703125 0.47119140625 0.0244140625 0.1201171875
0 0.058349609375 0.47216796875 0.03173828125 0.1552734375
0 0.107666015625 0.4716796875 0.02587890625 0.12890625
0 0.09716796875 0.46630859375 0.0322265625 0.1591796875
0 0.08984375 0.47119140625 0.025390625 0.1240234375
0 0.10302734375 0.47265625 0.0302734375 0.1484375
0 0.15673828125 0.46630859375 0.03125 0.1533203125
0 0.550537109375 0.4677734375 0.01220703125 0.060546875
0 0.624755859375 0.46044921875 0.00439453125 0.0224609375
0 0.628662109375 0.45849609375 0.00537109375 0.0283203125
0 0.743896484375 0.46826171875 0.02099609375 0.1025390625
0 0.756591796875 0.466796875 0.02099609375 0.103515625
0 0.7509765625 0.4873046875 0.0126953125 0.064453125
0 0.73779296875 0.4775390625 0.0166015625 0.08203125
0 0.706787109375 0.4609375 0.02099609375 0.103515625
0 0.6953125 0.46630859375 0.0224609375 0.1103515625
0 0.6630859375 0.46728515625 0.0185546875 0.0908203125
0 0.672119140625 0.470703125 0.02001953125 0.099609375
0 0.678955078125 0.46728515625 0.02197265625 0.1064453125
0 0.6875 0.4677734375 0.0234375 0.1171875
