0 0.7333984375 0.4130859375 0.0087890625 0.044921875
0 0.88330078125 0.4140625 0.0107421875 0.0546875
0 0.949462890625 0.4208984375 0.01123046875 0.056640625
0 0.971923828125 0.4189453125 0.01318359375 0.064453125
0 0.4208984375 0.43115234375 0.0234375 0.1142578125
0 0.43896484375 0.42333984375 0.025390625 0.1240234375
0 0.31103515625 0.44287109375 0.013671875 0.0673828125
0 0.331298828125 0.4150390625 0.02685546875 0.1328125
0 0.235595703125 0.4208984375 0.03564453125 0.173828125
0 0.244873046875 0.43212890625 0.03466796875 0.1708984375
0 0.194091796875 0.41552734375 0.03564453125 0.1748046875
0 0.60107421875 0.39892578125 0.005859375 0.0302734375
0 0.59716796875 0.3974609375 0.005859375 0.03125
0 0.578369140625 0.40283203125 0.00927734375 0.0478515625
0 0.513427734375 0.4052734375 0.00732421875 0.03515625
0 0.517822265625 0.40380859375 0.01025390625 0.0498046875
0 0.528564453125 0.4013671875 0.01123046875 0.056640625
0 0.450439453125 0.41455078125 0.01611328125 0.0791015625
0 0.4619140625 0.40087890625 0.0087890625 0.0458984375
0 0.6318359375 0.40234375 0.0068359375 0.033203125
0 0.5009765625 0.41064453125 0.0146484375 0.0732421875
0 0.747314453125 0.41748046875 0.01611328125 0.0810546875
0 0.771484375 0.4130859375 0.01953125 0.09765625
