0 0.44091796875 0.3818359375 0.0029296875 0.017578125
0 0.44970703125 0.38916015625 0.0078125 0.0380859375
0 0.326904296875 0.41064453125 0.00732421875 0.0380859375
0 0.390380859375 0.41357421875 0.00830078125 0.0419921875
0 0.384033203125 0.4072265625 0.01025390625 0.05078125
0 0.130615234375 0.361328125 0.01318359375 0.06640625
0 0.06982421875 0.3828125 0.0185546875 0.09375
0 0.253662109375 0.40478515625 0.01318359375 0.0673828125
0 0.553955078125 0.38525390625 0.00341796875 0.0185546875
0 0.681640625 0.40087890625 0.01171875 0.0576171875
0 0.77197265625 0.42138671875 0.021484375 0.1044921875
0 0.867431640625 0.4111328125 0.02490234375 0.123046875
0 0.848388671875 0.41650390625 0.02392578125 0.1181640625
0 0.150390625 0.43115234375 0.0244140625 0.1201171875
