0 0.13818359375 0.42041015625 0.025390625 0.1259765625
0 0.023681640625 0.40576171875 0.02392578125 0.1181640625
0 0.067138671875 0.40771484375 0.02490234375 0.1240234375
0 0.085205078125 0.40625 0.02587890625 0.12890625
0 0.044189453125 0.4072265625 0.02685546875 0.1328125
0 0.0732421875 0.4169921875 0.0244140625 0.119140625
0 0.0986328125 0.41015625 0.025390625 0.125
0 0.1640625 0.4228515625 0.025390625 0.126953125
0 0.20751953125 0.43505859375 0.013671875 0.0673828125
0 0.890869140625 0.41943359375 0.02783203125 0.1357421875
