0 0.46923828125 0.3251953125 0.00390625 0.021484375
0 0.448974609375 0.33251953125 0.00830078125 0.0439453125
0 0.43359375 0.37255859375 0.0146484375 0.0732421875
0 0.490478515625 0.36181640625 0.01416015625 0.0693359375
0 0.4609375 0.36669921875 0.015625 0.0771484375
0 0.320068359375 0.345703125 0.00830078125 0.04296875
0 0.288330078125 0.376953125 0.01123046875 0.05859375
0 0.281005859375 0.39404296875 0.00537109375 0.0283203125
0 0.3623046875 0.3984375 0.0224609375 0.109375
0 0.323486328125 0.42626953125 0.03369140625 0.1650390625
0 0.34423828125 0.4296875 0.0322265625 0.16015625
0 0.265380859375 0.42138671875 0.03173828125 0.1572265625
0 0.65234375 0.33544921875 0.0078125 0.0400390625
0 0.65869140625 0.33349609375 0.0078125 0.0400390625
0 0.72216796875 0.39208984375 0.029296875 0.1455078125
0 0.76171875 0.400390625 0.037109375 0.18359375
0 0.75244140625 0.4052734375 0.0419921875 0.205078125
0 0.704833984375 0.4150390625 0.03857421875 0.1875
