0 0.38525390625 0.375 0.00390625 0.021484375
0 0.372314453125 0.37109375 0.00439453125 0.021484375
0 0.44775390625 0.3779296875 0.0048828125 0.025390625
0 0.442138671875 0.376953125 0.00537109375 0.025390625
0 0.599365234375 0.49853515625 0.05126953125 0.2529296875
0 0.533935546875 0.49755859375 0.05908203125 0.2900390625
0 0.331787109375 0.42822265625 0.01416015625 0.0712890625
0 0.3408203125 0.4306640625 0.0126953125 0.0625
0 0.2392578125 0.43310546875 0.0185546875 0.0908203125
0 0.252685546875 0.44580078125 0.01806640625 0.0908203125
0 0.262939453125 0.4443359375 0.02001953125 0.099609375
