0 0.522216796875 0.36083984375 0.00244140625 0.0126953125
0 0.5234375 0.37451171875 0.0029296875 0.0146484375
0 0.5517578125 0.42578125 0.0068359375 0.033203125
0 0.575439453125 0.43798828125 0.00927734375 0.0458984375
0 0.5537109375 0.466796875 0.0107421875 0.052734375
0 0.685302734375 0.5 0.04638671875 0.228515625
0 0.494140625 0.3974609375 0.005859375 0.029296875
0 0.413818359375 0.48193359375 0.02587890625 0.1279296875
0 0.228271484375 0.5009765625 0.04833984375 0.236328125
0 0.18115234375 0.50048828125 0.04296875 0.2119140625
0 0.494873046875 0.4287109375 0.00732421875 0.037109375
0 0.502197265625 0.427734375 0.00732421875 0.0390625
0 0.509765625 0.42919921875 0.0068359375 0.0361328125
0 0.53759765625 0.419921875 0.005859375 0.03125
