0 0.544921875 0.43798828125 0.00390625 0.0205078125
0 0.5439453125 0.45947265625 0.005859375 0.0283203125
0 0.55859375 0.4619140625 0.0087890625 0.04296875
0 0.5703125 0.4453125 0.013671875 0.068359375
0 0.581787109375 0.44482421875 0.01318359375 0.0654296875
0 0.8515625 0.43505859375 0.044921875 0.2197265625
0 0.81787109375 0.44140625 0.0439453125 0.216796875
0 0.91455078125 0.43798828125 0.041015625 0.2001953125
0 0.482177734375 0.45947265625 0.00927734375 0.0458984375
0 0.45654296875 0.4443359375 0.0185546875 0.091796875
0 0.524169921875 0.44140625 0.02490234375 0.123046875
0 0.49755859375 0.44921875 0.0224609375 0.111328125
0 0.473388671875 0.44140625 0.02490234375 0.123046875
0 0.435791015625 0.4462890625 0.02294921875 0.11328125
0 0.39306640625 0.453125 0.0224609375 0.111328125
0 0.339111328125 0.435546875 0.02099609375 0.103515625
0 0.350341796875 0.443359375 0.02490234375 0.12109375
0 0.29150390625 0.44921875 0.0263671875 0.130859375
0 0.308837890625 0.45166015625 0.02978515625 0.1455078125
