0 0.607666015625 0.4716796875 0.01123046875 0.056640625
0 0.697509765625 0.4609375 0.02294921875 0.115234375
0 0.399169921875 0.4912109375 0.00732421875 0.03515625
0 0.39501953125 0.48974609375 0.0068359375 0.0361328125
0 0.385986328125 0.48974609375 0.00732421875 0.0380859375
0 0.3896484375 0.49072265625 0.0068359375 0.0361328125
0 0.365478515625 0.4892578125 0.00732421875 0.0390625
0 0.2265625 0.48046875 0.0185546875 0.091796875
0 0.355224609375 0.486328125 0.00927734375 0.046875
0 0.209228515625 0.486328125 0.01708984375 0.083984375
0 0.22265625 0.48046875 0.0185546875 0.091796875
0 0.23974609375 0.490234375 0.0146484375 0.072265625
0 0.235107421875 0.47900390625 0.02001953125 0.0986328125
0 0.164794921875 0.48291015625 0.02294921875 0.1142578125
0 0.15087890625 0.48681640625 0.0224609375 0.1083984375
0 0.12841796875 0.48486328125 0.0234375 0.1142578125
0 0.189208984375 0.4814453125 0.02392578125 0.1171875
