0 0.39208984375 0.43994140625 0.0087890625 0.0439453125
0 0.412841796875 0.4296875 0.01123046875 0.0546875
0 0.40625 0.43359375 0.0107421875 0.0546875
0 0.575927734375 0.4287109375 0.01025390625 0.05078125
0 0.58203125 0.42431640625 0.01171875 0.0595703125
0 0.596923828125 0.41015625 0.02392578125 0.1171875
0 0.62548828125 0.41455078125 0.021484375 0.1083984375
0 0.681396484375 0.4130859375 0.02880859375 0.142578125
0 0.67578125 0.41357421875 0.0322265625 0.1572265625
0 0.77734375 0.40478515625 0.056640625 0.2783203125
0 0.04345703125 0.44482421875 0.02734375 0.1357421875
0 0.057373046875 0.4462890625 0.02783203125 0.13671875
0 0.469970703125 0.42578125 0.01416015625 0.0703125
0 0.590087890625 0.42724609375 0.01025390625 0.0517578125
