0 0.369873046875 0.4208984375 0.00341796875 0.01953125
0 0.365234375 0.42236328125 0.0029296875 0.0166015625
0 0.245361328125 0.44189453125 0.01123046875 0.0556640625
0 0.23779296875 0.4482421875 0.01171875 0.056640625
0 0.230224609375 0.4423828125 0.01220703125 0.0625
0 0.167724609375 0.462890625 0.01708984375 0.083984375
0 0.1572265625 0.462890625 0.0166015625 0.08203125
0 0.15380859375 0.4541015625 0.0166015625 0.08203125
0 0.155029296875 0.466796875 0.01513671875 0.076171875
0 0.05810546875 0.47119140625 0.017578125 0.0869140625
0 0.083984375 0.4833984375 0.017578125 0.087890625
0 0.541748046875 0.41796875 0.00830078125 0.04296875
0 0.66552734375 0.4560546875 0.0322265625 0.158203125
0 0.64306640625 0.44921875 0.03515625 0.173828125
