0 0.356689453125 0.41845703125 0.00634765625 0.0341796875
0 0.362060546875 0.416015625 0.00439453125 0.0234375
0 0.38330078125 0.41357421875 0.005859375 0.0302734375
0 0.377685546875 0.4169921875 0.00537109375 0.02734375
0 0.387451171875 0.4169921875 0.00634765625 0.033203125
0 0.392333984375 0.41796875 0.00732421875 0.037109375
0 0.419921875 0.41259765625 0.0078125 0.0400390625
0 0.427001953125 0.41552734375 0.00634765625 0.0322265625
0 0.435791015625 0.41357421875 0.00732421875 0.0380859375
0 0.5517578125 0.42333984375 0.017578125 0.0869140625
0 0.572998046875 0.4208984375 0.01904296875 0.09375
0 0.67822265625 0.4267578125 0.0283203125 0.138671875
0 0.75341796875 0.4287109375 0.0361328125 0.1796875
0 0.853271484375 0.4267578125 0.04248046875 0.208984375
0 0.319091796875 0.42431640625 0.01025390625 0.0498046875
0 0.306396484375 0.43017578125 0.01220703125 0.0595703125
0 0.294189453125 0.43017578125 0.01318359375 0.0634765625
0 0.289306640625 0.42822265625 0.01708984375 0.0830078125
0 0.227294921875 0.44287109375 0.02587890625 0.1279296875
0 0.25048828125 0.45166015625 0.0234375 0.1142578125
0 0.20361328125 0.4453125 0.025390625 0.125
0 0.179443359375 0.44140625 0.02490234375 0.123046875
0 0.146484375 0.4482421875 0.02734375 0.134765625
0 0.1748046875 0.44189453125 0.03125 0.1533203125
0 0.276611328125 0.44287109375 0.03271484375 0.1611328125
0 0.32861328125 0.4306640625 0.017578125 0.0859375
0 0.338134765625 0.43408203125 0.03076171875 0.1533203125
0 0.4033203125 0.41845703125 0.009765625 0.0478515625
