0 0.36572265625 0.42919921875 0.0107421875 0.0537109375
0 0.375732421875 0.4326171875 0.00927734375 0.046875
0 0.392578125 0.4345703125 0.0068359375 0.03515625
0 0.3994140625 0.4345703125 0.0068359375 0.03515625
0 0.406494140625 0.4306640625 0.00927734375 0.046875
0 0.4140625 0.421875 0.017578125 0.087890625
0 0.458984375 0.43798828125 0.005859375 0.0302734375
0 0.52587890625 0.435546875 0.0068359375 0.037109375
0 0.51953125 0.43359375 0.0078125 0.0390625
0 0.53271484375 0.4326171875 0.0107421875 0.052734375
0 0.558837890625 0.43505859375 0.00927734375 0.0458984375
0 0.549560546875 0.43017578125 0.01025390625 0.0517578125
0 0.54296875 0.4296875 0.013671875 0.068359375
0 0.5625 0.43017578125 0.017578125 0.0869140625
0 0.591064453125 0.42626953125 0.01025390625 0.0517578125
0 0.574951171875 0.4296875 0.01806640625 0.087890625
0 0.611328125 0.43359375 0.0126953125 0.064453125
0 0.63916015625 0.43896484375 0.0126953125 0.0615234375
0 0.830810546875 0.4619140625 0.04736328125 0.23046875
0 0.91748046875 0.443359375 0.033203125 0.1640625
0 0.95556640625 0.46533203125 0.0205078125 0.0732421875
0 0.935546875 0.46826171875 0.0361328125 0.0927734375
0 0.28515625 0.412109375 0.015625 0.078125
0 0.59033203125 0.42919921875 0.017578125 0.0869140625
0 0.119140625 0.455078125 0.0390625 0.193359375
0 0.720947265625 0.46142578125 0.03759765625 0.1845703125
0 0.747802734375 0.4560546875 0.05029296875 0.248046875
0 0.383056640625 0.43017578125 0.00732421875 0.0380859375
0 0.51220703125 0.4189453125 0.0185546875 0.091796875
0 0.621826171875 0.42236328125 0.02001953125 0.0966796875
0 0.60205078125 0.4306640625 0.0126953125 0.052734375
