0 0.5302734375 0.43359375 0.0107421875 0.0546875
0 0.63525390625 0.4443359375 0.021484375 0.10546875
0 0.6767578125 0.43310546875 0.0205078125 0.1005859375
0 0.66357421875 0.451171875 0.0244140625 0.12109375
0 0.6748046875 0.458984375 0.02734375 0.134765625
0 0.713134765625 0.44775390625 0.02294921875 0.1142578125
0 0.698974609375 0.4482421875 0.02490234375 0.123046875
0 0.78955078125 0.45849609375 0.0439453125 0.2177734375
0 0.753173828125 0.46337890625 0.05322265625 0.2607421875
0 0.79833984375 0.46826171875 0.046875 0.2294921875
0 0.8408203125 0.453125 0.0458984375 0.224609375
0 0.83154296875 0.46826171875 0.060546875 0.2978515625
0 0.465087890625 0.43505859375 0.00927734375 0.0478515625
0 0.47509765625 0.43359375 0.0107421875 0.052734375
0 0.455322265625 0.43798828125 0.02099609375 0.1025390625
0 0.50830078125 0.44189453125 0.021484375 0.1044921875
0 0.488525390625 0.4462890625 0.02001953125 0.099609375
0 0.42041015625 0.43798828125 0.021484375 0.1064453125
0 0.32177734375 0.4462890625 0.013671875 0.06640625
0 0.168212890625 0.4306640625 0.01611328125 0.080078125
0 0.177978515625 0.44091796875 0.01611328125 0.0791015625
0 0.185791015625 0.43896484375 0.01611328125 0.0810546875
0 0.12158203125 0.43701171875 0.0166015625 0.0830078125
0 0.113037109375 0.45458984375 0.01513671875 0.0751953125
0 0.0234375 0.435546875 0.0283203125 0.140625
