0 0.63232421875 0.453125 0.0126953125 0.064453125
0 0.638427734375 0.4462890625 0.02197265625 0.107421875
0 0.734619140625 0.4443359375 0.03173828125 0.154296875
0 0.759521484375 0.44140625 0.02685546875 0.1328125
0 0.8046875 0.4150390625 0.0283203125 0.140625
0 0.279541015625 0.4609375 0.02392578125 0.1171875
0 0.266845703125 0.46533203125 0.02392578125 0.1181640625
0 0.2197265625 0.4599609375 0.0234375 0.115234375
0 0.210693359375 0.45703125 0.02490234375 0.123046875
0 0.20556640625 0.46142578125 0.0234375 0.1142578125
0 0.18701171875 0.4599609375 0.0283203125 0.140625
0 0.10302734375 0.46337890625 0.025390625 0.1259765625
0 0.54541015625 0.462890625 0.0087890625 0.044921875
0 0.52099609375 0.46484375 0.009765625 0.046875
0 0.107421875 0.46728515625 0.033203125 0.1650390625
0 0.052490234375 0.48193359375 0.05322265625 0.2626953125
0 0.50634765625 0.45947265625 0.009765625 0.0478515625
0 0.517822265625 0.4609375 0.01025390625 0.05078125
0 0.532470703125 0.45849609375 0.00927734375 0.0458984375
0 0.5400390625 0.45654296875 0.009765625 0.0478515625
0 0.597412109375 0.45849609375 0.04541015625 0.2236328125
