0 0.38623046875 0.45556640625 0.0078125 0.0419921875
0 0.35693359375 0.45263671875 0.0107421875 0.0556640625
0 0.35009765625 0.4541015625 0.0107421875 0.052734375
0 0.32763671875 0.4521484375 0.0107421875 0.0546875
0 0.333984375 0.4423828125 0.0146484375 0.072265625
0 0.312744140625 0.44580078125 0.01611328125 0.0791015625
0 0.2578125 0.4501953125 0.015625 0.076171875
0 0.246826171875 0.44921875 0.01611328125 0.080078125
0 0.2275390625 0.44189453125 0.0205078125 0.1025390625
0 0.205810546875 0.4501953125 0.02001953125 0.099609375
0 0.050048828125 0.46533203125 0.03857421875 0.1884765625
0 0.555419921875 0.42333984375 0.01611328125 0.0791015625
0 0.6806640625 0.41943359375 0.02734375 0.1337890625
0 0.84033203125 0.4140625 0.037109375 0.181640625
0 0.18408203125 0.44775390625 0.02734375 0.1357421875
