0 0.155029296875 0.41357421875 0.00732421875 0.0380859375
0 0.1640625 0.41357421875 0.0078125 0.0380859375
0 0.191162109375 0.4150390625 0.00732421875 0.03515625
0 0.183349609375 0.4189453125 0.00927734375 0.046875
0 0.281005859375 0.41455078125 0.01025390625 0.0498046875
0 0.30908203125 0.412109375 0.0107421875 0.0546875
0 0.30419921875 0.4150390625 0.0107421875 0.052734375
0 0.322265625 0.4130859375 0.0087890625 0.044921875
0 0.318115234375 0.4140625 0.00927734375 0.044921875
0 0.66748046875 0.38916015625 0.01171875 0.0576171875
0 0.36279296875 0.4111328125 0.01171875 0.05859375
0 0.375 0.41162109375 0.0107421875 0.0556640625
