0 0.5009765625 0.42333984375 0.0078125 0.0380859375
0 0.416259765625 0.4267578125 0.00537109375 0.02734375
0 0.365234375 0.427734375 0.0087890625 0.04296875
0 0.331298828125 0.4306640625 0.01025390625 0.052734375
0 0.32421875 0.43310546875 0.0087890625 0.0458984375
0 0.26416015625 0.43505859375 0.01171875 0.0576171875
0 0.246337890625 0.43896484375 0.01416015625 0.0693359375
0 0.158447265625 0.44921875 0.02197265625 0.107421875
0 0.303466796875 0.4541015625 0.03369140625 0.1640625
0 0.594970703125 0.46044921875 0.02685546875 0.1318359375
0 0.559326171875 0.4541015625 0.03271484375 0.16015625
