0 0.62939453125 0.44580078125 0.0322265625 0.1591796875
0 0.6572265625 0.43798828125 0.03515625 0.1708984375
0 0.71337890625 0.43896484375 0.0390625 0.1904296875
0 0.7490234375 0.44482421875 0.044921875 0.2197265625
0 0.72119140625 0.447265625 0.044921875 0.21875
0 0.859130859375 0.4521484375 0.07275390625 0.35546875
0 0.97265625 0.482421875 0.0537109375 0.5234375
0 0.431396484375 0.4306640625 0.00732421875 0.037109375
0 0.42431640625 0.43017578125 0.0078125 0.0380859375
0 0.329345703125 0.42919921875 0.00927734375 0.0478515625
0 0.312744140625 0.4375 0.01123046875 0.0546875
0 0.28369140625 0.42919921875 0.0107421875 0.0556640625
0 0.2548828125 0.43896484375 0.0107421875 0.0556640625
0 0.262451171875 0.44287109375 0.01513671875 0.0751953125
0 0.26953125 0.44482421875 0.0166015625 0.0810546875
0 0.2275390625 0.44482421875 0.0166015625 0.0830078125
0 0.216796875 0.43896484375 0.0166015625 0.0830078125
0 0.19287109375 0.4580078125 0.025390625 0.123046875
0 0.246826171875 0.447265625 0.01806640625 0.087890625
0 0.03173828125 0.4716796875 0.044921875 0.220703125
0 0.23486328125 0.44873046875 0.01953125 0.0966796875
