0 0.389892578125 0.39697265625 0.00732421875 0.0361328125
0 0.3984375 0.39697265625 0.0078125 0.0400390625
0 0.40185546875 0.39453125 0.0078125 0.0390625
0 0.409423828125 0.40478515625 0.01220703125 0.0595703125
0 0.32080078125 0.4111328125 0.0126953125 0.0625
0 0.2392578125 0.421875 0.017578125 0.0859375
0 0.2587890625 0.41357421875 0.017578125 0.0869140625
0 0.145263671875 0.4296875 0.02783203125 0.13671875
0 0.122314453125 0.43212890625 0.03173828125 0.1572265625
0 0.199462890625 0.48876953125 0.06884765625 0.3388671875
0 0.364990234375 0.48486328125 0.07666015625 0.3740234375
0 0.4794921875 0.38720703125 0.00390625 0.0205078125
0 0.4853515625 0.38916015625 0.005859375 0.0322265625
0 0.4931640625 0.40087890625 0.0126953125 0.0615234375
0 0.5107421875 0.39697265625 0.0126953125 0.0634765625
0 0.515869140625 0.40380859375 0.01513671875 0.0751953125
0 0.53125 0.4013671875 0.0166015625 0.08203125
0 0.52099609375 0.40625 0.0166015625 0.08203125
0 0.610595703125 0.4052734375 0.02392578125 0.119140625
0 0.729248046875 0.40869140625 0.04052734375 0.2001953125
0 0.97802734375 0.40478515625 0.04296875 0.3388671875
0 0.593505859375 0.435546875 0.04736328125 0.232421875
0 0.578369140625 0.4609375 0.09326171875 0.455078125
