0 0.56591796875 0.44384765625 0.005859375 0.0302734375
0 0.3408203125 0.45703125 0.0126953125 0.0625
0 0.275390625 0.458984375 0.01171875 0.05859375
0 0.20361328125 0.47216796875 0.009765625 0.0498046875
0 0.1484375 0.46728515625 0.0234375 0.1181640625
0 0.099365234375 0.4775390625 0.02490234375 0.123046875
0 0.052978515625 0.47900390625 0.03369140625 0.1650390625
0 0.57861328125 0.45751953125 0.017578125 0.0849609375
0 0.60693359375 0.453125 0.01953125 0.09765625
0 0.779296875 0.44384765625 0.0205078125 0.1005859375
0 0.81396484375 0.4423828125 0.0185546875 0.091796875
0 0.851806640625 0.435546875 0.02197265625 0.109375
0 0.9208984375 0.4423828125 0.033203125 0.1640625
