0 0.53076171875 0.43408203125 0.0048828125 0.0263671875
0 0.52587890625 0.435546875 0.0048828125 0.025390625
0 0.43408203125 0.43798828125 0.0107421875 0.0537109375
0 0.416748046875 0.43505859375 0.00927734375 0.0478515625
0 0.2138671875 0.45068359375 0.0322265625 0.1572265625
0 0.711181640625 0.4404296875 0.01025390625 0.05078125
0 0.717041015625 0.4443359375 0.00927734375 0.046875
0 0.79443359375 0.45556640625 0.017578125 0.0888671875
0 0.851806640625 0.46044921875 0.02392578125 0.1181640625
0 0.884033203125 0.46044921875 0.02294921875 0.1142578125
