0 0.14306640625 0.4482421875 0.0068359375 0.03515625
0 0.19970703125 0.4462890625 0.0078125 0.0390625
0 0.19140625 0.44775390625 0.0087890625 0.0458984375
0 0.185546875 0.44921875 0.013671875 0.068359375
0 0.2080078125 0.44775390625 0.0078125 0.0400390625
0 0.2041015625 0.44873046875 0.0087890625 0.0419921875
0 0.21923828125 0.44287109375 0.009765625 0.0498046875
0 0.22314453125 0.4453125 0.0087890625 0.044921875
0 0.2353515625 0.4462890625 0.0087890625 0.04296875
0 0.237548828125 0.447265625 0.01123046875 0.056640625
0 0.318603515625 0.43359375 0.00634765625 0.015625
0 0.318359375 0.45068359375 0.0107421875 0.0341796875
0 0.349853515625 0.4404296875 0.00439453125 0.015625
0 0.25048828125 0.4462890625 0.01171875 0.05859375
0 0.260498046875 0.44580078125 0.01220703125 0.0595703125
0 0.27734375 0.44384765625 0.009765625 0.0498046875
0 0.2783203125 0.4462890625 0.013671875 0.0703125
0 0.3984375 0.4482421875 0.015625 0.078125
0 0.402099609375 0.447265625 0.01806640625 0.091796875
0 0.4541015625 0.44775390625 0.017578125 0.0869140625
0 0.424560546875 0.45263671875 0.01708984375 0.0849609375
0 0.45166015625 0.4521484375 0.0185546875 0.091796875
0 0.437255859375 0.44970703125 0.01806640625 0.0888671875
0 0.33837890625 0.46533203125 0.0244140625 0.1220703125
0 0.468505859375 0.45068359375 0.01708984375 0.0830078125
0 0.910888671875 0.4365234375 0.02685546875 0.130859375
0 0.930419921875 0.43212890625 0.02685546875 0.1337890625
0 0.1728515625 0.439453125 0.0078125 0.041015625
0 0.3701171875 0.44091796875 0.009765625 0.0517578125
0 0.29052734375 0.4423828125 0.01171875 0.013671875
0 0.302978515625 0.44189453125 0.00830078125 0.0146484375
