0 0.486572265625 0.44775390625 0.01416015625 0.0712890625
0 0.175537109375 0.5087890625 0.04345703125 0.212890625
0 0.1865234375 0.50634765625 0.044921875 0.2197265625
0 0.11376953125 0.52001953125 0.0390625 0.1923828125
0 0.05419921875 0.52197265625 0.05078125 0.2490234375
0 0.074462890625 0.52587890625 0.05322265625 0.2607421875
0 0.366455078125 0.4453125 0.00732421875 0.0390625
0 0.37353515625 0.443359375 0.0087890625 0.046875
0 0.423583984375 0.44580078125 0.00927734375 0.0478515625
0 0.419189453125 0.45263671875 0.01025390625 0.0517578125
0 0.427978515625 0.453125 0.01416015625 0.0703125
0 0.385986328125 0.45068359375 0.01123046875 0.0556640625
0 0.52880859375 0.4560546875 0.01953125 0.095703125
0 0.519775390625 0.45654296875 0.02001953125 0.0986328125
0 0.50537109375 0.46484375 0.01953125 0.095703125
0 0.549560546875 0.45654296875 0.02392578125 0.1181640625
0 0.5224609375 0.458984375 0.0234375 0.115234375
