0 0.599853515625 0.4150390625 0.00439453125 0.0234375
0 0.584716796875 0.4140625 0.00439453125 0.0234375
0 0.3896484375 0.43798828125 0.017578125 0.0888671875
0 0.3408203125 0.439453125 0.01953125 0.095703125
0 0.61328125 0.42333984375 0.0166015625 0.0810546875
0 0.610107421875 0.43798828125 0.01904296875 0.0947265625
0 0.592529296875 0.43603515625 0.02001953125 0.0986328125
0 0.625732421875 0.42529296875 0.02099609375 0.1044921875
0 0.695068359375 0.46240234375 0.03369140625 0.1650390625
0 0.657958984375 0.4541015625 0.03857421875 0.189453125
0 0.453857421875 0.44140625 0.01708984375 0.0859375
0 0.46728515625 0.4365234375 0.01953125 0.095703125
