0 0.6533203125 0.42431640625 0.01953125 0.0986328125
0 0.408203125 0.42236328125 0.009765625 0.0498046875
0 0.42333984375 0.42724609375 0.013671875 0.0673828125
0 0.460693359375 0.43310546875 0.01513671875 0.0751953125
0 0.405029296875 0.4365234375 0.01318359375 0.064453125
0 0.397216796875 0.43896484375 0.01513671875 0.0732421875
0 0.413818359375 0.43505859375 0.01513671875 0.0732421875
0 0.38134765625 0.4365234375 0.01171875 0.060546875
0 0.3798828125 0.42236328125 0.0146484375 0.0732421875
0 0.29296875 0.4482421875 0.033203125 0.162109375
0 0.44140625 0.4384765625 0.0146484375 0.07421875
0 0.492431640625 0.42529296875 0.02197265625 0.1103515625
