0 0.7783203125 0.4326171875 0.009765625 0.046875
0 0.787353515625 0.40966796875 0.02294921875 0.1123046875
0 0.75634765625 0.4072265625 0.0205078125 0.1015625
0 0.8349609375 0.4365234375 0.03515625 0.173828125
0 0.721923828125 0.43310546875 0.02783203125 0.1357421875
0 0.203857421875 0.4375 0.01025390625 0.052734375
0 0.26123046875 0.43408203125 0.0107421875 0.0537109375
0 0.292724609375 0.4345703125 0.01513671875 0.076171875
0 0.318359375 0.4345703125 0.0166015625 0.08203125
0 0.422607421875 0.42822265625 0.01416015625 0.0693359375
0 0.4345703125 0.42822265625 0.013671875 0.0693359375
0 0.056396484375 0.4658203125 0.03857421875 0.189453125
0 0.05908203125 0.458984375 0.0439453125 0.21484375
0 0.017822265625 0.44677734375 0.03564453125 0.2431640625
