0 0.38720703125 0.42724609375 0.0068359375 0.0341796875
0 0.676513671875 0.4306640625 0.01806640625 0.08984375
0 0.679931640625 0.4326171875 0.01904296875 0.09375
0 0.241943359375 0.43212890625 0.00634765625 0.0322265625
0 0.22216796875 0.43115234375 0.005859375 0.0322265625
0 0.231689453125 0.431640625 0.00634765625 0.033203125
0 0.330810546875 0.4326171875 0.01025390625 0.05078125
0 0.294677734375 0.43408203125 0.01025390625 0.0517578125
0 0.302490234375 0.43212890625 0.01025390625 0.0517578125
0 0.2783203125 0.43408203125 0.0126953125 0.0634765625
0 0.358154296875 0.431640625 0.01123046875 0.0546875
0 0.3486328125 0.42333984375 0.009765625 0.0478515625
0 0.5341796875 0.4306640625 0.009765625 0.048828125
0 0.747314453125 0.4521484375 0.05029296875 0.248046875
