0 0.525634765625 0.42724609375 0.01123046875 0.0556640625
0 0.601318359375 0.421875 0.00830078125 0.04296875
0 0.60791015625 0.42138671875 0.009765625 0.0498046875
0 0.607177734375 0.439453125 0.00830078125 0.041015625
0 0.614013671875 0.4228515625 0.01025390625 0.05078125
0 0.64990234375 0.43115234375 0.021484375 0.1064453125
0 0.61962890625 0.42822265625 0.013671875 0.0673828125
0 0.636474609375 0.42724609375 0.02392578125 0.1162109375
0 0.480712890625 0.43505859375 0.01220703125 0.0595703125
0 0.495361328125 0.4306640625 0.01318359375 0.064453125
0 0.508544921875 0.4306640625 0.00927734375 0.046875
0 0.451171875 0.4326171875 0.0166015625 0.08203125
0 0.402587890625 0.43701171875 0.02587890625 0.1279296875
0 0.282470703125 0.4560546875 0.02978515625 0.146484375
0 0.316650390625 0.45556640625 0.02978515625 0.1474609375
0 0.324951171875 0.45263671875 0.03271484375 0.1611328125
0 0.353515625 0.44384765625 0.037109375 0.1826171875
0 0.7451171875 0.435546875 0.0341796875 0.16796875
