0 0.208251953125 0.45849609375 0.00732421875 0.0361328125
0 0.166015625 0.455078125 0.0205078125 0.103515625
0 0.14599609375 0.47412109375 0.0283203125 0.1396484375
0 0.14404296875 0.4814453125 0.0322265625 0.158203125
0 0.1279296875 0.47900390625 0.029296875 0.1455078125
0 0.10546875 0.482421875 0.0283203125 0.138671875
0 0.12158203125 0.48828125 0.0361328125 0.177734375
0 0.07470703125 0.46142578125 0.0302734375 0.1513671875
0 0.090087890625 0.4873046875 0.03662109375 0.1796875
0 0.02587890625 0.49951171875 0.041015625 0.2001953125
0 0.022705078125 0.5087890625 0.04541015625 0.23828125
0 0.044189453125 0.5224609375 0.04931640625 0.244140625
0 0.0595703125 0.53076171875 0.0517578125 0.2548828125
0 0.018798828125 0.54736328125 0.03759765625 0.2958984375
0 0.427734375 0.4228515625 0.013671875 0.068359375
0 0.475341796875 0.4306640625 0.01123046875 0.0546875
0 0.1787109375 0.4658203125 0.03125 0.15234375
0 0.62451171875 0.4326171875 0.03125 0.15234375
0 0.64111328125 0.44482421875 0.0263671875 0.1318359375
0 0.10107421875 0.49267578125 0.0380859375 0.1884765625
0 0.744140625 0.4345703125 0.0419921875 0.20703125
0 0.661865234375 0.4287109375 0.03369140625 0.16796875
0 0.6044921875 0.4462890625 0.0283203125 0.138671875
