0 0.43701171875 0.41015625 0.01171875 0.05859375
0 0.4296875 0.40625 0.0107421875 0.0546875
0 0.47900390625 0.41552734375 0.013671875 0.0673828125
0 0.508056640625 0.41943359375 0.01318359375 0.0673828125
0 0.501953125 0.4150390625 0.015625 0.078125
0 0.4912109375 0.419921875 0.015625 0.078125
0 0.6318359375 0.4248046875 0.021484375 0.10546875
0 0.69580078125 0.43017578125 0.0234375 0.1162109375
0 0.688720703125 0.455078125 0.03759765625 0.185546875
0 0.656005859375 0.44921875 0.03955078125 0.1953125
0 0.74609375 0.4267578125 0.0205078125 0.099609375
0 0.59619140625 0.42236328125 0.015625 0.0791015625
0 0.87939453125 0.44287109375 0.0224609375 0.1123046875
0 0.8564453125 0.44677734375 0.0302734375 0.1513671875
0 0.892333984375 0.4765625 0.01904296875 0.095703125
0 0.9794921875 0.47021484375 0.021484375 0.1083984375
0 0.97119140625 0.46044921875 0.0263671875 0.1298828125
0 0.40380859375 0.451171875 0.0478515625 0.236328125
0 0.461181640625 0.4541015625 0.04541015625 0.224609375
0 0.294189453125 0.40234375 0.01220703125 0.060546875
0 0.393310546875 0.4150390625 0.02294921875 0.11328125
0 0.45166015625 0.41796875 0.037109375 0.181640625
