0 0.1318359375 0.4208984375 0.005859375 0.02734375
0 0.147705078125 0.4326171875 0.00732421875 0.033203125
0 0.321044921875 0.4228515625 0.01220703125 0.060546875
0 0.314697265625 0.42578125 0.01513671875 0.076171875
0 0.39111328125 0.42431640625 0.015625 0.0791015625
0 0.516845703125 0.42138671875 0.01416015625 0.0693359375
0 0.482177734375 0.4208984375 0.01513671875 0.07421875
0 0.496826171875 0.4189453125 0.01513671875 0.076171875
0 0.124267578125 0.423828125 0.01025390625 0.05078125
0 0.8984375 0.4453125 0.0341796875 0.16796875
0 0.254638671875 0.431640625 0.01806640625 0.087890625
0 0.305419921875 0.427734375 0.01416015625 0.0703125
0 0.37109375 0.42041015625 0.015625 0.0771484375
0 0.8974609375 0.46875 0.0302734375 0.138671875
0 0.722412109375 0.4345703125 0.04150390625 0.203125
