0 0.107666015625 0.4365234375 0.00634765625 0.03125
0 0.116943359375 0.43798828125 0.00634765625 0.0322265625
0 0.146484375 0.4384765625 0.009765625 0.046875
0 0.123291015625 0.43505859375 0.00732421875 0.0361328125
0 0.22412109375 0.443359375 0.01171875 0.05859375
0 0.27099609375 0.4658203125 0.0048828125 0.02734375
0 0.275634765625 0.45361328125 0.01318359375 0.0654296875
0 0.337890625 0.4462890625 0.009765625 0.048828125
0 0.356689453125 0.4365234375 0.00537109375 0.015625
0 0.38427734375 0.44287109375 0.0107421875 0.0224609375
0 0.309814453125 0.45849609375 0.01806640625 0.0888671875
0 0.297607421875 0.46240234375 0.01611328125 0.0810546875
0 0.362060546875 0.4658203125 0.01806640625 0.091796875
0 0.375 0.47216796875 0.0205078125 0.1005859375
0 0.405029296875 0.44287109375 0.00634765625 0.0166015625
0 0.4169921875 0.4462890625 0.0068359375 0.021484375
0 0.3974609375 0.47509765625 0.0185546875 0.0927734375
0 0.62646484375 0.44873046875 0.009765625 0.0283203125
0 0.6181640625 0.44970703125 0.0107421875 0.0263671875
0 0.561279296875 0.46337890625 0.01123046875 0.0517578125
0 0.59326171875 0.4814453125 0.0234375 0.1171875
0 0.576171875 0.48486328125 0.021484375 0.1064453125
0 0.6923828125 0.48779296875 0.0302734375 0.1474609375
0 0.682373046875 0.4873046875 0.03173828125 0.15625
0 0.663818359375 0.49267578125 0.03564453125 0.1748046875
0 0.3447265625 0.470703125 0.0166015625 0.08203125
0 0.644287109375 0.49365234375 0.03564453125 0.1748046875
