0 0.1083984375 0.45458984375 0.01171875 0.0576171875
0 0.10107421875 0.45751953125 0.013671875 0.0673828125
0 0.1044921875 0.46044921875 0.0146484375 0.0732421875
0 0.042724609375 0.46923828125 0.02001953125 0.1005859375
0 0.066650390625 0.52880859375 0.04736328125 0.2333984375
0 0.203369140625 0.46875 0.03662109375 0.181640625
0 0.376220703125 0.4306640625 0.00537109375 0.02734375
0 0.529052734375 0.42822265625 0.00927734375 0.0478515625
0 0.539306640625 0.42724609375 0.00830078125 0.0419921875
0 0.535888671875 0.43115234375 0.00927734375 0.0458984375
0 0.542724609375 0.431640625 0.00927734375 0.046875
0 0.571533203125 0.4267578125 0.01123046875 0.056640625
0 0.576904296875 0.4296875 0.00927734375 0.048828125
0 0.80615234375 0.43017578125 0.0166015625 0.0830078125
0 0.82958984375 0.42041015625 0.017578125 0.0869140625
0 0.847900390625 0.42529296875 0.01806640625 0.0869140625
0 0.876220703125 0.42138671875 0.01611328125 0.0791015625
0 0.77783203125 0.45947265625 0.037109375 0.1806640625
0 0.70751953125 0.4638671875 0.03515625 0.171875
0 0.940673828125 0.412109375 0.01904296875 0.095703125
0 0.24365234375 0.48828125 0.0419921875 0.20703125
0 0.212646484375 0.48779296875 0.04931640625 0.2412109375
0 0.209716796875 0.48974609375 0.05517578125 0.2705078125
0 0.068359375 0.5205078125 0.0537109375 0.263671875
0 0.0634765625 0.5390625 0.05078125 0.25
