0 0.08642578125 0.4638671875 0.0068359375 0.03515625
0 0.12744140625 0.4814453125 0.0126953125 0.064453125
0 0.134521484375 0.4677734375 0.02392578125 0.1171875
0 0.152099609375 0.46240234375 0.02197265625 0.1083984375
0 0.189208984375 0.46533203125 0.02099609375 0.1044921875
0 0.106689453125 0.46728515625 0.02685546875 0.1318359375
0 0.559814453125 0.4404296875 0.01025390625 0.052734375
0 0.580322265625 0.4384765625 0.00927734375 0.046875
0 0.5703125 0.43896484375 0.0107421875 0.0537109375
0 0.5166015625 0.43994140625 0.0048828125 0.0263671875
0 0.530029296875 0.43701171875 0.00732421875 0.0380859375
0 0.8779296875 0.4345703125 0.0341796875 0.169921875
0 0.5888671875 0.43359375 0.0087890625 0.044921875
