0 0.87939453125 0.439453125 0.0400390625 0.197265625
0 0.728271484375 0.4560546875 0.05322265625 0.26171875
0 0.806884765625 0.46142578125 0.05126953125 0.2509765625
0 0.1591796875 0.46923828125 0.060546875 0.2978515625
0 0.1640625 0.46728515625 0.064453125 0.3154296875
0 0.270263671875 0.46923828125 0.04541015625 0.2216796875
0 0.4658203125 0.46533203125 0.0419921875 0.2060546875
0 0.41015625 0.45947265625 0.0537109375 0.2646484375
0 0.3994140625 0.46630859375 0.0546875 0.2685546875
0 0.544677734375 0.474609375 0.04541015625 0.22265625
0 0.18408203125 0.4560546875 0.0546875 0.267578125
0 0.535888671875 0.4296875 0.05224609375 0.255859375
0 0.758544921875 0.44091796875 0.05322265625 0.2607421875
0 0.852294921875 0.46240234375 0.06298828125 0.3095703125
