0 0.2705078125 0.4404296875 0.005859375 0.03125
0 0.228515625 0.4482421875 0.0126953125 0.0625
0 0.234619140625 0.45068359375 0.01220703125 0.0595703125
0 0.25439453125 0.4501953125 0.01171875 0.05859375
0 0.264404296875 0.44970703125 0.01220703125 0.0595703125
0 0.301025390625 0.4482421875 0.01220703125 0.060546875
0 0.30126953125 0.447265625 0.0126953125 0.064453125
0 0.397216796875 0.4443359375 0.01708984375 0.0859375
0 0.385986328125 0.4462890625 0.01708984375 0.0859375
0 0.55126953125 0.4482421875 0.0205078125 0.1015625
0 0.53857421875 0.4521484375 0.0263671875 0.130859375
0 0.5712890625 0.4345703125 0.0322265625 0.16015625
0 0.593017578125 0.4443359375 0.03076171875 0.150390625
0 0.662353515625 0.4365234375 0.03271484375 0.162109375
0 0.64111328125 0.4404296875 0.0322265625 0.16015625
0 0.9580078125 0.4404296875 0.048828125 0.23828125
0 0.498046875 0.4443359375 0.03125 0.154296875
0 0.471435546875 0.439453125 0.02880859375 0.142578125
0 0.439453125 0.44189453125 0.029296875 0.1435546875
