0 0.494140625 0.46142578125 0.01171875 0.0576171875
0 0.78857421875 0.447265625 0.013671875 0.068359375
0 0.804931640625 0.4404296875 0.01220703125 0.060546875
0 0.30224609375 0.46875 0.0244140625 0.119140625
0 0.2626953125 0.47119140625 0.0205078125 0.1025390625
0 0.23193359375 0.47216796875 0.01953125 0.0966796875
0 0.212646484375 0.4697265625 0.02783203125 0.138671875
0 0.142333984375 0.4765625 0.03173828125 0.15625
0 0.173828125 0.46533203125 0.0341796875 0.1689453125
0 0.107177734375 0.46875 0.03369140625 0.166015625
0 0.135009765625 0.48388671875 0.03564453125 0.1748046875
0 0.155517578125 0.48876953125 0.03564453125 0.1767578125
0 0.048583984375 0.4775390625 0.03369140625 0.1640625
0 0.470458984375 0.46630859375 0.04248046875 0.2099609375
0 0.924072265625 0.421875 0.04638671875 0.228515625
0 0.978515625 0.4267578125 0.0419921875 0.251953125
0 0.952880859375 0.48974609375 0.06396484375 0.3134765625
0 0.90185546875 0.474609375 0.0859375 0.419921875
