0 0.609619140625 0.4267578125 0.01611328125 0.080078125
0 0.575927734375 0.4287109375 0.01416015625 0.0703125
0 0.400390625 0.45703125 0.0244140625 0.12109375
0 0.248291015625 0.46337890625 0.03564453125 0.1748046875
0 0.890625 0.43603515625 0.0341796875 0.1669921875
0 0.860107421875 0.43701171875 0.03564453125 0.1748046875
0 0.984130859375 0.4345703125 0.03076171875 0.177734375
0 0.96435546875 0.44091796875 0.0361328125 0.1787109375
0 0.1171875 0.59375 0.1240234375 0.60546875
0 0.387939453125 0.56103515625 0.10791015625 0.5263671875
