0 0.391357421875 0.40966796875 0.00537109375 0.0263671875
0 0.44287109375 0.41064453125 0.00390625 0.0205078125
0 0.614501953125 0.419921875 0.00830078125 0.041015625
0 0.608154296875 0.416015625 0.00830078125 0.04296875
0 0.664306640625 0.42041015625 0.01220703125 0.0595703125
0 0.7431640625 0.44482421875 0.01953125 0.0986328125
0 0.76220703125 0.44482421875 0.0205078125 0.1005859375
0 0.8916015625 0.44970703125 0.037109375 0.1826171875
0 0.92822265625 0.48291015625 0.0537109375 0.2607421875
0 0.401611328125 0.40966796875 0.00634765625 0.0322265625
