0 0.38916015625 0.404296875 0.009765625 0.048828125
0 0.379638671875 0.4033203125 0.01025390625 0.05078125
0 0.447021484375 0.41015625 0.01220703125 0.060546875
0 0.9296875 0.43798828125 0.0166015625 0.0810546875
0 0.906982421875 0.4287109375 0.02197265625 0.109375
0 0.5458984375 0.41015625 0.015625 0.076171875
0 0.595458984375 0.41455078125 0.01708984375 0.0830078125
0 0.621337890625 0.41650390625 0.02099609375 0.1025390625
0 0.668212890625 0.4189453125 0.01806640625 0.08984375
0 0.657470703125 0.4169921875 0.01904296875 0.09375
0 0.00341796875 0.3798828125 0.0068359375 0.044921875
0 0.184326171875 0.3935546875 0.00927734375 0.046875
0 0.21875 0.40283203125 0.0234375 0.1162109375
0 0.376953125 0.4013671875 0.01171875 0.05859375
0 0.408203125 0.40185546875 0.01171875 0.0595703125
0 0.78759765625 0.4130859375 0.02734375 0.134765625
