0 0.462158203125 0.4267578125 0.00439453125 0.0234375
0 0.478271484375 0.42724609375 0.00634765625 0.0322265625
0 0.669677734375 0.421875 0.01123046875 0.0546875
0 0.4296875 0.4423828125 0.009765625 0.046875
0 0.439697265625 0.4375 0.01025390625 0.052734375
0 0.157958984375 0.44921875 0.01708984375 0.0859375
0 0.139404296875 0.45654296875 0.01611328125 0.0810546875
0 0.362548828125 0.46826171875 0.01904296875 0.0947265625
0 0.203857421875 0.45458984375 0.01220703125 0.0595703125
0 0.221435546875 0.43994140625 0.01416015625 0.0712890625
