0 0.261962890625 0.439453125 0.01513671875 0.076171875
0 0.2529296875 0.43994140625 0.017578125 0.0869140625
0 0.155517578125 0.4453125 0.01513671875 0.07421875
0 0.16845703125 0.44873046875 0.0146484375 0.0732421875
0 0.101806640625 0.4541015625 0.01806640625 0.087890625
0 0.081298828125 0.4580078125 0.01904296875 0.09375
0 0.05126953125 0.4619140625 0.01953125 0.09765625
0 0.032958984375 0.4599609375 0.02099609375 0.103515625
0 0.012939453125 0.45166015625 0.02587890625 0.2001953125
0 0.343017578125 0.43896484375 0.01611328125 0.0791015625
0 0.544921875 0.4326171875 0.015625 0.078125
0 0.85107421875 0.4208984375 0.0185546875 0.091796875
0 0.85302734375 0.42919921875 0.017578125 0.0869140625
