0 0.9501953125 0.4228515625 0.0078125 0.0390625
0 0.945068359375 0.42431640625 0.01318359375 0.0673828125
0 0.732177734375 0.40576171875 0.00537109375 0.0263671875
0 0.70458984375 0.41064453125 0.005859375 0.0283203125
0 0.401611328125 0.40234375 0.01220703125 0.0625
0 0.318115234375 0.41455078125 0.01708984375 0.0830078125
0 0.446533203125 0.41650390625 0.01220703125 0.0615234375
0 0.438232421875 0.42236328125 0.01513671875 0.0771484375
0 0.912841796875 0.4404296875 0.02490234375 0.123046875
0 0.87646484375 0.44384765625 0.0234375 0.1162109375
0 0.850341796875 0.42236328125 0.01123046875 0.0576171875
0 0.5400390625 0.40625 0.009765625 0.048828125
0 0.4140625 0.4130859375 0.0146484375 0.072265625
