0 0.859375 0.40185546875 0.0078125 0.0419921875
0 0.715087890625 0.42724609375 0.00634765625 0.0322265625
0 0.6171875 0.4228515625 0.0107421875 0.052734375
0 0.5830078125 0.4248046875 0.0107421875 0.0546875
0 0.5859375 0.4296875 0.013671875 0.06640625
0 0.533447265625 0.42578125 0.00927734375 0.044921875
0 0.55517578125 0.43212890625 0.013671875 0.0693359375
0 0.99072265625 0.404296875 0.017578125 0.099609375
0 0.515380859375 0.4345703125 0.01416015625 0.072265625
0 0.4951171875 0.439453125 0.0146484375 0.07421875
0 0.438232421875 0.4404296875 0.01416015625 0.072265625
0 0.105712890625 0.3974609375 0.01318359375 0.064453125
0 0.17724609375 0.396484375 0.0126953125 0.064453125
