0 0.57666015625 0.4482421875 0.0107421875 0.052734375
0 0.388671875 0.451171875 0.01171875 0.05859375
0 0.37744140625 0.45068359375 0.0146484375 0.0712890625
0 0.627685546875 0.4345703125 0.02001953125 0.099609375
0 0.659912109375 0.4375 0.02001953125 0.099609375
0 0.654296875 0.4462890625 0.0205078125 0.103515625
0 0.6796875 0.44921875 0.0244140625 0.123046875
0 0.7041015625 0.4404296875 0.0234375 0.115234375
0 0.708984375 0.43701171875 0.025390625 0.1259765625
0 0.70947265625 0.447265625 0.025390625 0.125
0 0.6904296875 0.46142578125 0.0283203125 0.1396484375
0 0.66357421875 0.44775390625 0.02734375 0.1357421875
0 0.736328125 0.43896484375 0.0263671875 0.1298828125
0 0.755615234375 0.4375 0.02880859375 0.140625
0 0.771240234375 0.4326171875 0.02880859375 0.142578125
0 0.737548828125 0.44580078125 0.02490234375 0.1240234375
0 0.780517578125 0.4462890625 0.03076171875 0.15234375
0 0.7548828125 0.453125 0.03515625 0.171875
0 0.78955078125 0.4580078125 0.033203125 0.1640625
0 0.83154296875 0.44970703125 0.037109375 0.1806640625
0 0.8203125 0.44921875 0.0419921875 0.205078125
0 0.873779296875 0.4453125 0.03857421875 0.189453125
0 0.9169921875 0.43701171875 0.05078125 0.2490234375
