0 0.202392578125 0.4453125 0.02685546875 0.130859375
0 0.184326171875 0.44775390625 0.02880859375 0.1416015625
0 0.20947265625 0.44775390625 0.02734375 0.1337890625
0 0.301025390625 0.44091796875 0.02392578125 0.1181640625
0 0.373046875 0.4345703125 0.0244140625 0.123046875
0 0.556396484375 0.435546875 0.02099609375 0.103515625
0 0.581298828125 0.44140625 0.02001953125 0.099609375
0 0.594482421875 0.44384765625 0.02294921875 0.1123046875
0 0.6611328125 0.43798828125 0.0205078125 0.1005859375
0 0.65478515625 0.4365234375 0.021484375 0.10546875
0 0.707275390625 0.42919921875 0.01708984375 0.0830078125
0 0.68701171875 0.4306640625 0.0244140625 0.119140625
0 0.754150390625 0.42822265625 0.02001953125 0.0986328125
0 0.791259765625 0.42724609375 0.01806640625 0.0888671875
0 0.4189453125 0.4365234375 0.0244140625 0.119140625
0 0.378173828125 0.47509765625 0.04443359375 0.2197265625
0 0.3994140625 0.52490234375 0.0771484375 0.3759765625
0 0.885986328125 0.5126953125 0.10400390625 0.509765625
