0 0.53125 0.42822265625 0.013671875 0.0673828125
0 0.54345703125 0.4267578125 0.013671875 0.06640625
0 0.556396484375 0.423828125 0.01416015625 0.0703125
0 0.548828125 0.42822265625 0.0146484375 0.0732421875
0 0.535400390625 0.4248046875 0.01611328125 0.080078125
0 0.4697265625 0.4248046875 0.0087890625 0.044921875
0 0.587890625 0.4287109375 0.0185546875 0.091796875
0 0.63427734375 0.431640625 0.0224609375 0.11328125
0 0.8818359375 0.45849609375 0.0546875 0.2685546875
0 0.04443359375 0.53466796875 0.072265625 0.3544921875
0 0.525146484375 0.41845703125 0.00830078125 0.0400390625
