0 0.048828125 0.4404296875 0.0390625 0.19140625
0 0.35107421875 0.4228515625 0.0087890625 0.046875
0 0.360595703125 0.41943359375 0.01025390625 0.0517578125
0 0.399658203125 0.42529296875 0.00830078125 0.0419921875
0 0.42041015625 0.4208984375 0.01171875 0.05859375
0 0.453125 0.41748046875 0.013671875 0.0673828125
0 0.443359375 0.4169921875 0.0126953125 0.0625
0 0.469970703125 0.4169921875 0.01416015625 0.0703125
0 0.472412109375 0.419921875 0.01611328125 0.078125
0 0.552490234375 0.41748046875 0.01318359375 0.0654296875
0 0.548583984375 0.41943359375 0.01318359375 0.0654296875
0 0.579833984375 0.41943359375 0.00927734375 0.0458984375
0 0.635009765625 0.42578125 0.01416015625 0.0703125
0 0.60693359375 0.42431640625 0.01171875 0.0595703125
0 0.690185546875 0.435546875 0.02783203125 0.13671875
