0 0.52978515625 0.36865234375 0.005859375 0.0322265625
0 0.549072265625 0.36865234375 0.00634765625 0.0341796875
0 0.55712890625 0.3701171875 0.0087890625 0.044921875
0 0.554443359375 0.37060546875 0.00927734375 0.0458984375
0 0.5673828125 0.3720703125 0.0087890625 0.044921875
0 0.57666015625 0.3720703125 0.0087890625 0.044921875
0 0.635986328125 0.4111328125 0.02880859375 0.142578125
0 0.658203125 0.4189453125 0.02734375 0.13671875
0 0.682861328125 0.41064453125 0.03173828125 0.1572265625
0 0.727294921875 0.4111328125 0.03076171875 0.15234375
0 0.713623046875 0.41748046875 0.03076171875 0.1494140625
0 0.758056640625 0.408203125 0.02783203125 0.13671875
0 0.779052734375 0.41259765625 0.02783203125 0.1376953125
0 0.8525390625 0.4189453125 0.046875 0.23046875
0 0.034423828125 0.45361328125 0.04345703125 0.2119140625
0 0.093505859375 0.43310546875 0.04638671875 0.2275390625
0 0.5078125 0.376953125 0.0087890625 0.04296875
0 0.623291015625 0.3701171875 0.01123046875 0.056640625
