0 0.81396484375 0.4150390625 0.0146484375 0.072265625
0 0.7958984375 0.41259765625 0.013671875 0.0693359375
0 0.71240234375 0.408203125 0.025390625 0.125
0 0.705810546875 0.41357421875 0.02978515625 0.1474609375
0 0.6103515625 0.4130859375 0.009765625 0.05078125
0 0.604736328125 0.4130859375 0.01025390625 0.052734375
0 0.086181640625 0.4248046875 0.02685546875 0.130859375
0 0.48388671875 0.4345703125 0.025390625 0.125
0 0.474609375 0.43212890625 0.0263671875 0.1318359375
0 0.324462890625 0.4306640625 0.03564453125 0.17578125
0 0.279541015625 0.42578125 0.04248046875 0.208984375
