0 0.2568359375 0.345703125 0.0078125 0.0390625
0 0.196044921875 0.35986328125 0.01025390625 0.0498046875
0 0.604736328125 0.3349609375 0.01123046875 0.056640625
0 0.615234375 0.3349609375 0.01171875 0.05859375
0 0.658203125 0.39501953125 0.02734375 0.1357421875
0 0.680419921875 0.38330078125 0.03076171875 0.1533203125
0 0.710693359375 0.38232421875 0.02880859375 0.1416015625
0 0.770751953125 0.3837890625 0.03759765625 0.185546875
0 0.299560546875 0.361328125 0.01416015625 0.072265625
0 0.30078125 0.3701171875 0.015625 0.078125
0 0.289794921875 0.3779296875 0.01708984375 0.0859375
