0 0.646728515625 0.4013671875 0.00732421875 0.0390625
0 0.638427734375 0.39990234375 0.00830078125 0.0439453125
0 0.623046875 0.39013671875 0.0126953125 0.0615234375
0 0.561767578125 0.38427734375 0.01220703125 0.0615234375
0 0.66162109375 0.36474609375 0.015625 0.0771484375
0 0.7451171875 0.38037109375 0.0419921875 0.2060546875
0 0.71142578125 0.3671875 0.04296875 0.208984375
0 0.54931640625 0.3857421875 0.01171875 0.05859375
0 0.548828125 0.38427734375 0.01171875 0.0595703125
0 0.545654296875 0.37939453125 0.01416015625 0.0712890625
