0 0.10107421875 0.41162109375 0.03515625 0.1748046875
0 0.146728515625 0.40869140625 0.03369140625 0.1650390625
0 0.018798828125 0.423828125 0.03759765625 0.185546875
0 0.54345703125 0.41162109375 0.005859375 0.0283203125
0 0.21435546875 0.4140625 0.0341796875 0.169921875
0 0.396484375 0.41845703125 0.013671875 0.0673828125
0 0.385009765625 0.416015625 0.01513671875 0.07421875
0 0.34814453125 0.41357421875 0.01953125 0.0966796875
0 0.451416015625 0.41162109375 0.00732421875 0.0361328125
0 0.55224609375 0.41162109375 0.0068359375 0.0361328125
0 0.55712890625 0.40625 0.0087890625 0.04296875
0 0.56103515625 0.41015625 0.0107421875 0.0546875
0 0.573486328125 0.40771484375 0.01220703125 0.0595703125
0 0.58544921875 0.4091796875 0.0146484375 0.0703125
0 0.607666015625 0.41015625 0.03466796875 0.169921875
0 0.63037109375 0.42041015625 0.017578125 0.0869140625
0 0.6435546875 0.40478515625 0.0234375 0.1162109375
0 0.68505859375 0.4140625 0.0283203125 0.138671875
0 0.7314453125 0.40234375 0.0263671875 0.130859375
0 0.72119140625 0.40625 0.025390625 0.126953125
0 0.712646484375 0.4091796875 0.02880859375 0.142578125
0 0.75390625 0.41650390625 0.0185546875 0.0927734375
