0 0.336669921875 0.39453125 0.00537109375 0.0234375
0 0.527099609375 0.3740234375 0.00341796875 0.017578125
0 0.519775390625 0.37841796875 0.00341796875 0.0205078125
0 0.514404296875 0.373046875 0.00244140625 0.013671875
0 0.4892578125 0.3828125 0.005859375 0.029296875
0 0.4833984375 0.38427734375 0.0048828125 0.0263671875
0 0.556396484375 0.3876953125 0.00537109375 0.02734375
0 0.563232421875 0.3837890625 0.00439453125 0.021484375
0 0.577392578125 0.39111328125 0.00341796875 0.0205078125
0 0.580810546875 0.388671875 0.00439453125 0.0234375
0 0.59033203125 0.4111328125 0.0078125 0.041015625
0 0.598876953125 0.41064453125 0.00830078125 0.0419921875
0 0.594482421875 0.42724609375 0.01318359375 0.0654296875
0 0.60546875 0.43603515625 0.0087890625 0.0439453125
0 0.56787109375 0.42822265625 0.01953125 0.0966796875
0 0.634521484375 0.4228515625 0.00927734375 0.017578125
0 0.662353515625 0.43017578125 0.00634765625 0.0283203125
0 0.670654296875 0.43359375 0.01513671875 0.076171875
0 0.75341796875 0.4306640625 0.0029296875 0.01171875
0 0.7255859375 0.43701171875 0.017578125 0.0869140625
0 0.83349609375 0.43115234375 0.009765625 0.0166015625
0 0.759765625 0.44140625 0.015625 0.078125
0 0.7880859375 0.44189453125 0.0244140625 0.1201171875
0 0.856689453125 0.44384765625 0.01318359375 0.0654296875
0 0.809814453125 0.44677734375 0.02392578125 0.1181640625
0 0.847412109375 0.451171875 0.02392578125 0.119140625
0 0.93310546875 0.4638671875 0.0400390625 0.1953125
0 0.989990234375 0.47998046875 0.01904296875 0.1748046875
0 0.516845703125 0.4287109375 0.01806640625 0.08984375
0 0.48583984375 0.4267578125 0.0185546875 0.091796875
0 0.382568359375 0.4169921875 0.01025390625 0.05078125
0 0.396484375 0.41552734375 0.01171875 0.0595703125
0 0.388671875 0.416015625 0.01171875 0.05859375
0 0.2646484375 0.41845703125 0.0234375 0.1162109375
0 0.30029296875 0.41552734375 0.02734375 0.1357421875
0 0.272216796875 0.4189453125 0.02783203125 0.138671875
0 0.450439453125 0.435546875 0.01611328125 0.080078125
0 0.319580078125 0.42333984375 0.02490234375 0.1220703125
0 0.53271484375 0.38427734375 0.00390625 0.0224609375
0 0.439697265625 0.39990234375 0.00732421875 0.0361328125
0 0.3515625 0.396484375 0.0244140625 0.033203125
0 0.420166015625 0.39306640625 0.00146484375 0.0205078125
0 0.42041015625 0.4140625 0.0 0.00390625
0 0.427734375 0.3974609375 0.0078125 0.041015625
0 0.642333984375 0.42431640625 0.00927734375 0.0166015625
0 0.65380859375 0.423828125 0.01171875 0.01953125
0 0.685302734375 0.43359375 0.01416015625 0.03515625
