0 0.608154296875 0.4306640625 0.00537109375 0.02734375
0 0.614990234375 0.4296875 0.00537109375 0.02734375
0 0.663330078125 0.41650390625 0.01220703125 0.0595703125
0 0.6572265625 0.423828125 0.01171875 0.056640625
0 0.678466796875 0.4140625 0.01708984375 0.0859375
0 0.69140625 0.412109375 0.017578125 0.0859375
0 0.723388671875 0.40380859375 0.01123046875 0.0576171875
0 0.736083984375 0.40869140625 0.01708984375 0.0849609375
0 0.7646484375 0.412109375 0.0205078125 0.1015625
0 0.775146484375 0.4111328125 0.02099609375 0.10546875
0 0.791748046875 0.4130859375 0.02001953125 0.099609375
0 0.805419921875 0.4111328125 0.02587890625 0.126953125
0 0.830078125 0.41357421875 0.0244140625 0.1201171875
0 0.85986328125 0.42724609375 0.0263671875 0.1279296875
0 0.87939453125 0.41650390625 0.025390625 0.1259765625
0 0.9921875 0.43115234375 0.0146484375 0.1318359375
0 0.542724609375 0.4150390625 0.01416015625 0.0703125
0 0.503662109375 0.41650390625 0.01416015625 0.0693359375
0 0.46142578125 0.42041015625 0.0048828125 0.0263671875
0 0.4443359375 0.4248046875 0.005859375 0.029296875
0 0.431640625 0.42529296875 0.0078125 0.0380859375
0 0.4208984375 0.4130859375 0.021484375 0.10546875
0 0.3857421875 0.404296875 0.0234375 0.115234375
0 0.361328125 0.400390625 0.0205078125 0.1015625
0 0.38427734375 0.41650390625 0.0419921875 0.2060546875
0 0.28564453125 0.4013671875 0.0400390625 0.19921875
0 0.26806640625 0.39306640625 0.0400390625 0.1982421875
0 0.099609375 0.404296875 0.0595703125 0.29296875
0 0.64453125 0.4111328125 0.0166015625 0.083984375
0 0.45263671875 0.42724609375 0.0068359375 0.0341796875
0 0.448974609375 0.4287109375 0.00634765625 0.03125
0 0.705078125 0.3935546875 0.015625 0.076171875
0 0.7197265625 0.39404296875 0.015625 0.0771484375
0 0.71337890625 0.39306640625 0.017578125 0.0869140625
0 0.472900390625 0.41748046875 0.00244140625 0.0166015625
0 0.478271484375 0.41845703125 0.00341796875 0.0205078125
0 0.55859375 0.4287109375 0.0029296875 0.03125
0 0.5703125 0.42822265625 0.017578125 0.0341796875
0 0.587646484375 0.43505859375 0.00732421875 0.0205078125
0 0.634033203125 0.4208984375 0.00830078125 0.05859375
0 0.641845703125 0.44482421875 0.00146484375 0.0107421875
0 0.650390625 0.431640625 0.0087890625 0.03515625
0 0.65283203125 0.39990234375 0.00390625 0.0224609375
0 0.68505859375 0.38232421875 0.0068359375 0.0107421875
0 0.699462890625 0.40576171875 0.00244140625 0.0302734375
