0 0.58447265625 0.4736328125 0.03125 0.15234375
0 0.631103515625 0.4775390625 0.02880859375 0.140625
0 0.625 0.4833984375 0.0283203125 0.138671875
0 0.66845703125 0.484375 0.03125 0.154296875
0 0.952392578125 0.50048828125 0.02490234375 0.1220703125
0 0.3017578125 0.44921875 0.0087890625 0.044921875
0 0.3076171875 0.451171875 0.0087890625 0.044921875
0 0.235595703125 0.451171875 0.00634765625 0.03125
0 0.2294921875 0.451171875 0.005859375 0.029296875
0 0.22509765625 0.44873046875 0.0068359375 0.0341796875
