0 0.6884765625 0.423828125 0.0146484375 0.0703125
0 0.69189453125 0.4267578125 0.0146484375 0.0703125
0 0.830810546875 0.43896484375 0.03955078125 0.1943359375
0 0.478759765625 0.42431640625 0.00634765625 0.0322265625
0 0.59375 0.427734375 0.009765625 0.048828125
0 0.60302734375 0.42529296875 0.0107421875 0.0537109375
0 0.617431640625 0.42626953125 0.00927734375 0.0458984375
0 0.37744140625 0.43017578125 0.005859375 0.0322265625
0 0.33251953125 0.43017578125 0.0087890625 0.0458984375
0 0.26708984375 0.4326171875 0.01171875 0.05859375
0 0.278564453125 0.4287109375 0.01416015625 0.0703125
