0 0.781494140625 0.41064453125 0.01318359375 0.0673828125
0 0.98876953125 0.42724609375 0.021484375 0.1162109375
0 0.896240234375 0.42431640625 0.02099609375 0.1044921875
0 0.951416015625 0.419921875 0.02392578125 0.119140625
0 0.697265625 0.39599609375 0.0068359375 0.0341796875
0 0.429443359375 0.4208984375 0.02294921875 0.111328125
0 0.452392578125 0.4189453125 0.02392578125 0.119140625
0 0.49560546875 0.41748046875 0.0146484375 0.0712890625
0 0.46533203125 0.42236328125 0.0234375 0.1162109375
0 0.663330078125 0.39990234375 0.00634765625 0.0322265625
0 0.669189453125 0.40185546875 0.00537109375 0.0263671875
0 0.731689453125 0.4013671875 0.01025390625 0.05078125
