0 0.18212890625 0.4267578125 0.0068359375 0.013671875
0 0.159912109375 0.4248046875 0.00537109375 0.017578125
0 0.41015625 0.41796875 0.009765625 0.05078125
0 0.314453125 0.41796875 0.0087890625 0.044921875
0 0.366943359375 0.41845703125 0.01025390625 0.0517578125
0 0.3662109375 0.42333984375 0.0087890625 0.0439453125
0 0.359375 0.4228515625 0.0107421875 0.0546875
0 0.3544921875 0.42138671875 0.0126953125 0.0654296875
0 0.321044921875 0.4248046875 0.01123046875 0.0546875
0 0.31005859375 0.4208984375 0.009765625 0.05078125
0 0.302001953125 0.42529296875 0.01220703125 0.0615234375
0 0.265869140625 0.43603515625 0.01318359375 0.0673828125
0 0.247802734375 0.4287109375 0.01611328125 0.080078125
0 0.252685546875 0.4267578125 0.01708984375 0.083984375
0 0.23828125 0.431640625 0.015625 0.078125
0 0.210205078125 0.4365234375 0.01416015625 0.072265625
0 0.19580078125 0.43115234375 0.0166015625 0.0830078125
0 0.4384765625 0.41845703125 0.01171875 0.0595703125
0 0.444091796875 0.41455078125 0.01416015625 0.0693359375
0 0.5009765625 0.41162109375 0.0224609375 0.1123046875
0 0.531494140625 0.40869140625 0.01416015625 0.0712890625
0 0.6142578125 0.4267578125 0.01953125 0.095703125
0 0.632080078125 0.40087890625 0.01416015625 0.0712890625
0 0.466064453125 0.41259765625 0.01513671875 0.0751953125
0 0.39990234375 0.42431640625 0.009765625 0.0498046875
0 0.3935546875 0.42919921875 0.0078125 0.0400390625
0 0.40478515625 0.4287109375 0.0078125 0.0390625
0 0.334228515625 0.41796875 0.02001953125 0.044921875
