0 0.48388671875 0.4150390625 0.0068359375 0.03515625
0 0.122314453125 0.408203125 0.03369140625 0.166015625
0 0.056396484375 0.4072265625 0.03564453125 0.173828125
0 0.047607421875 0.4228515625 0.04345703125 0.212890625
0 0.741943359375 0.40087890625 0.01416015625 0.0693359375
0 0.764892578125 0.4033203125 0.01513671875 0.076171875
0 0.840576171875 0.39599609375 0.01416015625 0.0712890625
0 0.830322265625 0.40771484375 0.02490234375 0.1220703125
0 0.81591796875 0.41650390625 0.0234375 0.1162109375
0 0.87060546875 0.41357421875 0.0224609375 0.1083984375
0 0.85400390625 0.41015625 0.0224609375 0.111328125
0 0.830322265625 0.421875 0.02197265625 0.109375
