0 0.462646484375 0.35595703125 0.00439453125 0.0224609375
0 0.458740234375 0.3564453125 0.00439453125 0.0234375
0 0.39990234375 0.3984375 0.015625 0.078125
0 0.45263671875 0.392578125 0.0126953125 0.064453125
0 0.5400390625 0.3740234375 0.009765625 0.048828125
0 0.599609375 0.37548828125 0.0107421875 0.0517578125
0 0.65771484375 0.4189453125 0.0166015625 0.08203125
0 0.630859375 0.40087890625 0.025390625 0.1259765625
0 0.617919921875 0.41015625 0.02783203125 0.13671875
0 0.551513671875 0.3759765625 0.00927734375 0.046875
