0 0.60009765625 0.45458984375 0.0126953125 0.0615234375
0 0.593505859375 0.4541015625 0.01416015625 0.072265625
0 0.58251953125 0.45751953125 0.015625 0.0791015625
0 0.560302734375 0.443359375 0.02197265625 0.107421875
0 0.510986328125 0.44970703125 0.02001953125 0.0986328125
0 0.4677734375 0.4462890625 0.0263671875 0.12890625
0 0.3623046875 0.43896484375 0.0390625 0.1923828125
0 0.333740234375 0.43408203125 0.03662109375 0.1806640625
0 0.323974609375 0.43505859375 0.03955078125 0.1943359375
0 0.314697265625 0.423828125 0.04443359375 0.21875
0 0.68603515625 0.4267578125 0.03515625 0.173828125
0 0.572265625 0.45556640625 0.013671875 0.0732421875
