0 0.89794921875 0.42822265625 0.0625 0.3056640625
0 0.76806640625 0.431640625 0.0458984375 0.224609375
0 0.82275390625 0.4384765625 0.046875 0.23046875
0 0.79052734375 0.44140625 0.0517578125 0.25390625
0 0.166015625 0.43701171875 0.0234375 0.1162109375
0 0.52490234375 0.42236328125 0.0224609375 0.1123046875
0 0.5419921875 0.42431640625 0.0205078125 0.1005859375
0 0.581787109375 0.4189453125 0.02197265625 0.109375
0 0.641845703125 0.404296875 0.01806640625 0.08984375
0 0.579833984375 0.42041015625 0.02197265625 0.1083984375
0 0.173828125 0.4326171875 0.0263671875 0.12890625
