0 0.393798828125 0.4033203125 0.01025390625 0.048828125
0 0.259521484375 0.42431640625 0.01611328125 0.0791015625
0 0.409912109375 0.39453125 0.00732421875 0.037109375
0 0.40087890625 0.41015625 0.0068359375 0.033203125
0 0.351806640625 0.41845703125 0.01318359375 0.0654296875
0 0.272705078125 0.41845703125 0.01708984375 0.0849609375
0 0.27685546875 0.43017578125 0.0205078125 0.1005859375
0 0.224365234375 0.427734375 0.02197265625 0.107421875
0 0.141357421875 0.4384765625 0.02490234375 0.125
0 0.1533203125 0.43701171875 0.025390625 0.1259765625
0 0.482177734375 0.3994140625 0.00341796875 0.01953125
0 0.510498046875 0.39892578125 0.00439453125 0.0244140625
0 0.550048828125 0.40869140625 0.00927734375 0.0458984375
0 0.3466796875 0.42431640625 0.015625 0.0791015625
0 0.3212890625 0.4228515625 0.0185546875 0.091796875
0 0.453857421875 0.412109375 0.01416015625 0.0703125
0 0.6279296875 0.4189453125 0.029296875 0.14453125
