0 0.6650390625 0.36865234375 0.013671875 0.0693359375
0 0.63525390625 0.3701171875 0.013671875 0.068359375
0 0.618408203125 0.3701171875 0.01220703125 0.060546875
0 0.63720703125 0.37060546875 0.013671875 0.0673828125
0 0.64501953125 0.3662109375 0.015625 0.076171875
0 0.623291015625 0.36767578125 0.01513671875 0.0751953125
0 0.649658203125 0.36083984375 0.01806640625 0.0908203125
0 0.686767578125 0.3642578125 0.01416015625 0.0703125
0 0.657470703125 0.36279296875 0.01513671875 0.0751953125
0 0.6689453125 0.35888671875 0.01953125 0.0947265625
0 0.678466796875 0.3564453125 0.02001953125 0.099609375
0 0.694091796875 0.3642578125 0.01318359375 0.06640625
0 0.6982421875 0.36181640625 0.0146484375 0.0732421875
0 0.60595703125 0.3740234375 0.013671875 0.06640625
0 0.58935546875 0.37353515625 0.013671875 0.0673828125
0 0.595703125 0.37060546875 0.0146484375 0.0732421875
0 0.57666015625 0.3740234375 0.013671875 0.068359375
0 0.58056640625 0.37451171875 0.0126953125 0.0634765625
0 0.556396484375 0.37255859375 0.01513671875 0.0751953125
0 0.566650390625 0.3701171875 0.01513671875 0.076171875
0 0.55810546875 0.37060546875 0.015625 0.0791015625
0 0.53564453125 0.37548828125 0.0146484375 0.0712890625
0 0.539306640625 0.3720703125 0.01611328125 0.080078125
0 0.54541015625 0.37060546875 0.017578125 0.0869140625
0 0.518310546875 0.37353515625 0.01611328125 0.0810546875
0 0.232177734375 0.40380859375 0.02001953125 0.0986328125
0 0.405029296875 0.390625 0.01806640625 0.08984375
0 0.429443359375 0.38525390625 0.01904296875 0.0947265625
