0 0.014404296875 0.42431640625 0.02880859375 0.2626953125
0 0.23486328125 0.4208984375 0.02734375 0.134765625
0 0.374755859375 0.423828125 0.01806640625 0.08984375
0 0.24609375 0.41552734375 0.0166015625 0.0830078125
0 0.451171875 0.4150390625 0.0068359375 0.03515625
0 0.3232421875 0.42431640625 0.025390625 0.1240234375
0 0.6689453125 0.4287109375 0.01953125 0.095703125
0 0.552001953125 0.41259765625 0.00634765625 0.0341796875
0 0.580810546875 0.40869140625 0.01318359375 0.0673828125
0 0.612060546875 0.4111328125 0.01318359375 0.06640625
0 0.5888671875 0.412109375 0.01171875 0.05859375
0 0.594970703125 0.4111328125 0.01220703125 0.060546875
0 0.60205078125 0.4130859375 0.017578125 0.0859375
0 0.620361328125 0.41357421875 0.01611328125 0.0810546875
0 0.6455078125 0.41845703125 0.0498046875 0.2431640625
0 0.6806640625 0.40869140625 0.029296875 0.1455078125
0 0.7265625 0.421875 0.0361328125 0.177734375
0 0.763427734375 0.4169921875 0.03759765625 0.18359375
0 0.827880859375 0.40087890625 0.03759765625 0.1845703125
0 0.825439453125 0.41796875 0.03857421875 0.189453125
0 0.8876953125 0.408203125 0.0302734375 0.150390625
0 0.417724609375 0.416015625 0.01416015625 0.068359375
0 0.545166015625 0.41748046875 0.01318359375 0.0283203125
0 0.5654296875 0.41650390625 0.021484375 0.0517578125
