0 0.73681640625 0.388671875 0.0068359375 0.03515625
0 0.752197265625 0.38818359375 0.00537109375 0.0283203125
0 0.890625 0.41552734375 0.0234375 0.1142578125
0 0.514892578125 0.384765625 0.00732421875 0.037109375
0 0.42431640625 0.3818359375 0.0107421875 0.052734375
0 0.109375 0.39599609375 0.046875 0.2294921875
0 0.379638671875 0.37353515625 0.00927734375 0.0478515625
0 0.053955078125 0.375 0.04736328125 0.234375
0 0.415771484375 0.380859375 0.01025390625 0.05078125
0 0.63623046875 0.3798828125 0.0048828125 0.025390625
0 0.7861328125 0.41845703125 0.029296875 0.1455078125
