0 0.481689453125 0.34228515625 0.00341796875 0.0185546875
0 0.479736328125 0.34521484375 0.00439453125 0.0224609375
0 0.486572265625 0.3447265625 0.00537109375 0.02734375
0 0.492919921875 0.34521484375 0.00341796875 0.0185546875
0 0.50439453125 0.34521484375 0.00390625 0.0205078125
0 0.53515625 0.34228515625 0.0048828125 0.0244140625
0 0.539306640625 0.34521484375 0.00537109375 0.0302734375
0 0.543212890625 0.3486328125 0.00732421875 0.03515625
0 0.548583984375 0.34814453125 0.00732421875 0.0361328125
0 0.551513671875 0.345703125 0.00732421875 0.0390625
0 0.558349609375 0.3427734375 0.00537109375 0.02734375
0 0.563232421875 0.34814453125 0.00634765625 0.0341796875
0 0.568603515625 0.35400390625 0.00927734375 0.0478515625
0 0.58251953125 0.3515625 0.0107421875 0.052734375
0 0.646484375 0.3583984375 0.0166015625 0.083984375
0 0.62890625 0.36376953125 0.0146484375 0.0732421875
0 0.79296875 0.421875 0.044921875 0.220703125
0 0.765380859375 0.431640625 0.05224609375 0.2578125
0 0.447021484375 0.3447265625 0.00732421875 0.0390625
0 0.419921875 0.34423828125 0.0068359375 0.0361328125
0 0.437255859375 0.34619140625 0.00732421875 0.0380859375
0 0.41455078125 0.34814453125 0.0078125 0.0400390625
0 0.4267578125 0.341796875 0.0078125 0.041015625
0 0.34521484375 0.35595703125 0.0146484375 0.0732421875
0 0.3603515625 0.353515625 0.015625 0.076171875
0 0.009765625 0.36962890625 0.0087890625 0.0458984375
0 0.07958984375 0.3994140625 0.01953125 0.09765625
0 0.106201171875 0.38330078125 0.00927734375 0.0458984375
0 0.090087890625 0.384765625 0.02490234375 0.123046875
0 0.15576171875 0.375 0.02734375 0.134765625
0 0.194091796875 0.38232421875 0.02294921875 0.1123046875
0 0.239501953125 0.3583984375 0.01220703125 0.0625
0 0.49853515625 0.35498046875 0.009765625 0.0478515625
0 0.1796875 0.35498046875 0.021484375 0.1064453125
0 0.637451171875 0.41455078125 0.03271484375 0.0869140625
0 0.518310546875 0.34375 0.00830078125 0.025390625
