0 0.288818359375 0.45556640625 0.01611328125 0.0791015625
0 0.2822265625 0.4658203125 0.017578125 0.087890625
0 0.27001953125 0.46728515625 0.01953125 0.0966796875
0 0.260986328125 0.4736328125 0.02197265625 0.107421875
0 0.25439453125 0.46240234375 0.0263671875 0.1298828125
0 0.241943359375 0.4736328125 0.02001953125 0.09765625
0 0.235595703125 0.470703125 0.02294921875 0.11328125
0 0.228515625 0.46240234375 0.02734375 0.1337890625
0 0.2119140625 0.47509765625 0.0205078125 0.1005859375
0 0.222412109375 0.46826171875 0.02685546875 0.1318359375
0 0.19921875 0.466796875 0.0244140625 0.119140625
0 0.1689453125 0.466796875 0.0263671875 0.130859375
0 0.142822265625 0.46484375 0.02685546875 0.130859375
0 0.119873046875 0.47119140625 0.02392578125 0.1162109375
0 0.0390625 0.4736328125 0.03125 0.15234375
0 0.5517578125 0.46533203125 0.0224609375 0.1103515625
0 0.553955078125 0.47314453125 0.02001953125 0.0986328125
0 0.79638671875 0.4560546875 0.0185546875 0.091796875
0 0.794189453125 0.45458984375 0.02001953125 0.0986328125
0 0.815185546875 0.4599609375 0.01806640625 0.08984375
0 0.81298828125 0.455078125 0.0205078125 0.1015625
0 0.879150390625 0.4453125 0.02294921875 0.115234375
0 0.900390625 0.4482421875 0.021484375 0.107421875
0 0.400390625 0.466796875 0.0078125 0.013671875
0 0.869873046875 0.421875 0.00830078125 0.037109375
0 0.869384765625 0.47314453125 0.00634765625 0.0537109375
0 0.8896484375 0.47607421875 0.013671875 0.0517578125
0 0.9072265625 0.47021484375 0.0068359375 0.0322265625
