0 0.271240234375 0.44140625 0.04736328125 0.232421875
0 0.27392578125 0.4501953125 0.04296875 0.212890625
0 0.705322265625 0.4287109375 0.02783203125 0.138671875
0 0.758544921875 0.44287109375 0.03564453125 0.1748046875
0 0.76708984375 0.435546875 0.041015625 0.203125
0 0.79296875 0.43017578125 0.0380859375 0.1865234375
0 0.802978515625 0.43603515625 0.03759765625 0.1865234375
0 0.90087890625 0.43603515625 0.0419921875 0.2041015625
0 0.942626953125 0.43701171875 0.04052734375 0.2001953125
0 0.724609375 0.4375 0.037109375 0.18359375
