0 0.509033203125 0.42822265625 0.00830078125 0.0419921875
0 0.490478515625 0.4365234375 0.01025390625 0.05078125
0 0.501220703125 0.43017578125 0.00732421875 0.0380859375
0 0.484130859375 0.43310546875 0.01123046875 0.0556640625
0 0.451171875 0.4443359375 0.0146484375 0.072265625
0 0.197021484375 0.466796875 0.03955078125 0.193359375
0 0.246337890625 0.46875 0.04052734375 0.19921875
0 0.0498046875 0.4599609375 0.05859375 0.287109375
0 0.466552734375 0.4384765625 0.01318359375 0.064453125
0 0.543701171875 0.4228515625 0.00537109375 0.02734375
0 0.6591796875 0.427734375 0.01171875 0.05859375
0 0.750732421875 0.45556640625 0.03369140625 0.1650390625
