0 0.24072265625 0.3720703125 0.005859375 0.029296875
0 0.2626953125 0.37060546875 0.0068359375 0.0341796875
0 0.26904296875 0.375 0.005859375 0.029296875
0 0.27880859375 0.37255859375 0.0068359375 0.0341796875
0 0.218994140625 0.3779296875 0.01416015625 0.072265625
0 0.197509765625 0.38232421875 0.01220703125 0.0615234375
0 0.19970703125 0.3818359375 0.0126953125 0.064453125
0 0.204345703125 0.38134765625 0.01513671875 0.0771484375
0 0.11962890625 0.3916015625 0.0107421875 0.048828125
0 0.130859375 0.3935546875 0.015625 0.052734375
0 0.068603515625 0.41357421875 0.02587890625 0.1279296875
0 0.463134765625 0.37353515625 0.00732421875 0.0361328125
0 0.458740234375 0.37158203125 0.00830078125 0.0419921875
0 0.56591796875 0.39990234375 0.01953125 0.0966796875
0 0.587890625 0.39599609375 0.021484375 0.1064453125
0 0.579345703125 0.400390625 0.02197265625 0.107421875
0 0.8330078125 0.359375 0.0146484375 0.025390625
0 0.848876953125 0.36572265625 0.01904296875 0.0283203125
0 0.248779296875 0.375 0.01025390625 0.029296875
0 0.27490234375 0.37744140625 0.0048828125 0.0283203125
