0 0.755126953125 0.41748046875 0.01416015625 0.0693359375
0 0.81591796875 0.44580078125 0.0732421875 0.3564453125
0 0.92041015625 0.44140625 0.0732421875 0.359375
0 0.891357421875 0.439453125 0.07763671875 0.37890625
0 0.34130859375 0.4189453125 0.0185546875 0.091796875
0 0.3515625 0.421875 0.0146484375 0.07421875
0 0.33447265625 0.42138671875 0.01953125 0.0966796875
0 0.320556640625 0.4267578125 0.02392578125 0.119140625
0 0.536865234375 0.41455078125 0.01904296875 0.0224609375
0 0.60400390625 0.41455078125 0.0185546875 0.0244140625
0 0.358154296875 0.4306640625 0.00048828125 0.001953125
0 0.36474609375 0.40478515625 0.01171875 0.0302734375
