0 0.665771484375 0.38427734375 0.00830078125 0.0419921875
0 0.6689453125 0.39404296875 0.0107421875 0.0517578125
0 0.6611328125 0.39599609375 0.01171875 0.0576171875
0 0.6142578125 0.39404296875 0.0126953125 0.0615234375
0 0.609130859375 0.3955078125 0.01416015625 0.0703125
0 0.622802734375 0.3955078125 0.01416015625 0.068359375
0 0.638671875 0.390625 0.01171875 0.060546875
0 0.63427734375 0.38916015625 0.013671875 0.0693359375
0 0.632080078125 0.3916015625 0.01611328125 0.080078125
0 0.651123046875 0.3984375 0.01123046875 0.056640625
0 0.643798828125 0.39697265625 0.01416015625 0.0693359375
0 0.585693359375 0.39453125 0.01220703125 0.060546875
0 0.37255859375 0.4345703125 0.0986328125 0.482421875
0 0.560302734375 0.47509765625 0.08251953125 0.4033203125
0 0.71826171875 0.44384765625 0.0771484375 0.3779296875
0 0.361572265625 0.47119140625 0.08935546875 0.4365234375
