0 0.640380859375 0.3896484375 0.00439453125 0.021484375
0 0.63623046875 0.40087890625 0.0048828125 0.0263671875
0 0.646240234375 0.384765625 0.00439453125 0.0234375
0 0.64990234375 0.39013671875 0.0048828125 0.0244140625
0 0.664306640625 0.37744140625 0.00341796875 0.0185546875
0 0.65478515625 0.38916015625 0.00390625 0.0224609375
0 0.677734375 0.38037109375 0.0048828125 0.0244140625
0 0.661865234375 0.392578125 0.00634765625 0.03125
0 0.662109375 0.427734375 0.017578125 0.087890625
0 0.684326171875 0.41943359375 0.01318359375 0.0654296875
0 0.695556640625 0.42041015625 0.01318359375 0.0654296875
0 0.714111328125 0.423828125 0.01611328125 0.080078125
0 0.6748046875 0.44189453125 0.02734375 0.1337890625
0 0.658203125 0.47314453125 0.0146484375 0.0751953125
0 0.64599609375 0.4345703125 0.0146484375 0.07421875
0 0.59033203125 0.423828125 0.01171875 0.05859375
0 0.533447265625 0.4267578125 0.01123046875 0.056640625
0 0.1650390625 0.45556640625 0.009765625 0.0517578125
0 0.155029296875 0.4658203125 0.01806640625 0.080078125
0 0.199951171875 0.45068359375 0.01416015625 0.0693359375
0 0.20068359375 0.4326171875 0.0087890625 0.017578125
0 0.205810546875 0.4345703125 0.00537109375 0.015625
0 0.18212890625 0.4755859375 0.025390625 0.109375
0 0.241455078125 0.4404296875 0.00830078125 0.037109375
0 0.2509765625 0.4404296875 0.01171875 0.029296875
0 0.262939453125 0.43994140625 0.01904296875 0.0361328125
0 0.288330078125 0.46630859375 0.03466796875 0.1220703125
0 0.35888671875 0.46142578125 0.01171875 0.0751953125
0 0.378662109375 0.46435546875 0.01806640625 0.0927734375
0 0.341796875 0.47119140625 0.0283203125 0.1396484375
0 0.5126953125 0.43359375 0.013671875 0.068359375
0 0.52490234375 0.427734375 0.0166015625 0.080078125
0 0.497802734375 0.43994140625 0.01904296875 0.0966796875
0 0.02734375 0.47412109375 0.0517578125 0.2548828125
0 0.12060546875 0.4638671875 0.046875 0.23046875
0 0.135986328125 0.470703125 0.04638671875 0.2265625
0 0.0732421875 0.4697265625 0.046875 0.23046875
0 0.064697265625 0.4765625 0.05908203125 0.2890625
0 0.842041015625 0.45849609375 0.06103515625 0.1455078125
0 0.937255859375 0.44970703125 0.04931640625 0.1474609375
0 0.970947265625 0.4296875 0.02587890625 0.076171875
0 0.4072265625 0.46826171875 0.0595703125 0.2919921875
0 0.3125 0.44140625 0.01953125 0.03515625
0 0.363525390625 0.43310546875 0.01806640625 0.0341796875
