0 0.064208984375 0.40576171875 0.02099609375 0.1025390625
0 0.040771484375 0.423828125 0.04443359375 0.216796875
0 0.18212890625 0.4072265625 0.0439453125 0.216796875
0 0.287353515625 0.41064453125 0.04150390625 0.2060546875
0 0.25537109375 0.4091796875 0.044921875 0.220703125
0 0.3701171875 0.421875 0.0458984375 0.224609375
0 0.842041015625 0.3896484375 0.03369140625 0.166015625
0 0.809326171875 0.3994140625 0.03173828125 0.15625
0 0.84326171875 0.396484375 0.0380859375 0.1875
0 0.887451171875 0.3876953125 0.03759765625 0.185546875
0 0.9658203125 0.3994140625 0.03125 0.154296875
0 0.40283203125 0.4267578125 0.0439453125 0.21484375
