0 0.295654296875 0.43310546875 0.01220703125 0.0595703125
0 0.34033203125 0.43310546875 0.0107421875 0.0537109375
0 0.385986328125 0.43603515625 0.01220703125 0.0615234375
0 0.524658203125 0.4228515625 0.01025390625 0.052734375
0 0.521240234375 0.4248046875 0.00927734375 0.048828125
0 0.528076171875 0.4228515625 0.01123046875 0.056640625
0 0.5107421875 0.42919921875 0.0087890625 0.0439453125
0 0.502197265625 0.423828125 0.00927734375 0.046875
0 0.6748046875 0.41015625 0.0185546875 0.091796875
0 0.675048828125 0.4052734375 0.02099609375 0.103515625
0 0.646484375 0.43505859375 0.0576171875 0.2822265625
0 0.71435546875 0.42578125 0.041015625 0.203125
0 0.728515625 0.41943359375 0.0478515625 0.2333984375
0 0.42529296875 0.41748046875 0.041015625 0.2021484375
0 0.060546875 0.41796875 0.0224609375 0.111328125
0 0.3759765625 0.4345703125 0.0126953125 0.0625
0 0.544921875 0.4150390625 0.0078125 0.025390625
