0 0.07568359375 0.39892578125 0.017578125 0.0869140625
0 0.08349609375 0.4013671875 0.0166015625 0.083984375
0 0.154541015625 0.404296875 0.01611328125 0.08203125
0 0.150634765625 0.40576171875 0.01513671875 0.0751953125
0 0.16259765625 0.39892578125 0.0146484375 0.0732421875
0 0.246826171875 0.40869140625 0.01123046875 0.0556640625
0 0.22021484375 0.45166015625 0.0615234375 0.2998046875
0 0.26806640625 0.4072265625 0.01171875 0.05859375
0 0.33837890625 0.4130859375 0.0087890625 0.04296875
0 0.393310546875 0.4169921875 0.00634765625 0.033203125
0 0.4609375 0.41259765625 0.0205078125 0.1005859375
0 0.9560546875 0.4638671875 0.0234375 0.1171875
