0 0.954833984375 0.37109375 0.01025390625 0.052734375
0 0.940185546875 0.375 0.01416015625 0.0703125
0 0.9453125 0.38037109375 0.0146484375 0.0712890625
0 0.958984375 0.3837890625 0.009765625 0.048828125
0 0.9541015625 0.38330078125 0.01171875 0.0595703125
0 0.912841796875 0.37890625 0.01416015625 0.068359375
0 0.919677734375 0.3828125 0.01318359375 0.06640625
0 0.90625 0.380859375 0.0146484375 0.072265625
0 0.93115234375 0.3779296875 0.0166015625 0.080078125
0 0.8876953125 0.38330078125 0.01171875 0.0576171875
0 0.895263671875 0.384765625 0.01220703125 0.060546875
0 0.880859375 0.38525390625 0.0126953125 0.0615234375
0 0.800537109375 0.380859375 0.01025390625 0.052734375
0 0.740234375 0.3896484375 0.0126953125 0.0625
0 0.7568359375 0.39501953125 0.0126953125 0.0634765625
0 0.724365234375 0.3876953125 0.01318359375 0.06640625
0 0.662841796875 0.388671875 0.01318359375 0.06640625
0 0.54443359375 0.41943359375 0.0341796875 0.1708984375
0 0.486083984375 0.41455078125 0.03466796875 0.1708984375
0 0.46923828125 0.41650390625 0.0380859375 0.1884765625
0 0.37109375 0.41259765625 0.041015625 0.2021484375
0 0.203857421875 0.423828125 0.02783203125 0.138671875
0 0.13232421875 0.40869140625 0.0205078125 0.1025390625
0 0.1162109375 0.41650390625 0.0185546875 0.0927734375
0 0.091064453125 0.41455078125 0.01904296875 0.0947265625
0 0.08544921875 0.4169921875 0.0185546875 0.091796875
0 0.76953125 0.3935546875 0.0380859375 0.1875
0 0.852783203125 0.3857421875 0.01513671875 0.0390625
0 0.98876953125 0.36279296875 0.017578125 0.0244140625
