0 0.28515625 0.35888671875 0.01953125 0.0986328125
0 0.260009765625 0.3681640625 0.03076171875 0.150390625
0 0.328369140625 0.36962890625 0.01708984375 0.0830078125
0 0.341552734375 0.36279296875 0.01416015625 0.0712890625
0 0.323486328125 0.3623046875 0.02001953125 0.09765625
0 0.364013671875 0.36572265625 0.01708984375 0.0849609375
0 0.347412109375 0.3896484375 0.02783203125 0.138671875
0 0.587158203125 0.3740234375 0.02001953125 0.099609375
0 0.629150390625 0.39306640625 0.03173828125 0.1572265625
0 0.7353515625 0.4013671875 0.037109375 0.181640625
0 0.763916015625 0.39697265625 0.01318359375 0.0439453125
0 0.771484375 0.384765625 0.0166015625 0.03125
0 0.78271484375 0.37646484375 0.0078125 0.0185546875
0 0.775634765625 0.431640625 0.02783203125 0.09765625
0 0.834228515625 0.42529296875 0.04443359375 0.1064453125
0 0.164794921875 0.33251953125 0.01416015625 0.0693359375
0 0.369384765625 0.3544921875 0.01123046875 0.056640625
0 0.388671875 0.35400390625 0.0126953125 0.0634765625
