0 0.081298828125 0.44384765625 0.02587890625 0.1279296875
0 0.136474609375 0.43505859375 0.02587890625 0.1279296875
0 0.56787109375 0.3701171875 0.001953125 0.01171875
0 0.500244140625 0.38671875 0.00537109375 0.02734375
0 0.505859375 0.38330078125 0.005859375 0.0302734375
0 0.392822265625 0.40771484375 0.01025390625 0.0498046875
0 0.400390625 0.41259765625 0.0107421875 0.0537109375
0 0.40576171875 0.41162109375 0.0107421875 0.0556640625
0 0.377685546875 0.4140625 0.01220703125 0.060546875
0 0.364501953125 0.41650390625 0.01220703125 0.0615234375
0 0.441162109375 0.40283203125 0.00830078125 0.0419921875
0 0.4306640625 0.4052734375 0.0087890625 0.04296875
0 0.173583984375 0.42822265625 0.02197265625 0.1083984375
0 0.19384765625 0.427734375 0.0205078125 0.1015625
0 0.197265625 0.43359375 0.01953125 0.095703125
0 0.17333984375 0.4345703125 0.0224609375 0.111328125
0 0.18212890625 0.4365234375 0.021484375 0.107421875
0 0.6171875 0.37939453125 0.00390625 0.0205078125
0 0.703369140625 0.3994140625 0.01220703125 0.060546875
0 0.760009765625 0.41162109375 0.03076171875 0.1513671875
0 0.80322265625 0.41650390625 0.029296875 0.1435546875
0 0.559326171875 0.369140625 0.00341796875 0.017578125
0 0.4375 0.4189453125 0.01171875 0.056640625
0 0.60009765625 0.39990234375 0.0087890625 0.0439453125
