0 0.00537109375 0.40771484375 0.0107421875 0.0751953125
0 0.008544921875 0.4130859375 0.01220703125 0.060546875
0 0.248046875 0.39892578125 0.025390625 0.1240234375
0 0.416259765625 0.38916015625 0.01220703125 0.0595703125
0 0.276123046875 0.40087890625 0.02490234375 0.1220703125
0 0.39892578125 0.38916015625 0.0126953125 0.0634765625
0 0.482421875 0.38818359375 0.0107421875 0.0537109375
0 0.524658203125 0.390625 0.01025390625 0.052734375
0 0.691162109375 0.384765625 0.00927734375 0.046875
0 0.716064453125 0.3798828125 0.01318359375 0.064453125
0 0.8427734375 0.40576171875 0.0361328125 0.1787109375
0 0.699462890625 0.3779296875 0.00732421875 0.037109375
