0 0.62548828125 0.41015625 0.0341796875 0.169921875
0 0.648193359375 0.41064453125 0.03466796875 0.1708984375
0 0.495849609375 0.39892578125 0.00830078125 0.0419921875
0 0.5146484375 0.39892578125 0.013671875 0.0673828125
0 0.50634765625 0.3984375 0.015625 0.078125
0 0.485595703125 0.4013671875 0.01513671875 0.076171875
0 0.5224609375 0.39501953125 0.0166015625 0.0810546875
0 0.534423828125 0.39892578125 0.01806640625 0.0888671875
0 0.5517578125 0.400390625 0.01953125 0.09765625
0 0.463623046875 0.3974609375 0.01025390625 0.052734375
0 0.4169921875 0.39306640625 0.009765625 0.0498046875
0 0.41552734375 0.39892578125 0.01171875 0.0595703125
0 0.40771484375 0.39794921875 0.0126953125 0.0634765625
0 0.3984375 0.3984375 0.0126953125 0.0625
0 0.349365234375 0.40966796875 0.01513671875 0.0751953125
0 0.393798828125 0.39990234375 0.01220703125 0.0615234375
0 0.359375 0.400390625 0.0224609375 0.111328125
0 0.38427734375 0.3994140625 0.0234375 0.1171875
0 0.371826171875 0.41015625 0.03271484375 0.16015625
0 0.334228515625 0.4052734375 0.02978515625 0.146484375
0 0.3134765625 0.39697265625 0.033203125 0.1630859375
0 0.326904296875 0.39990234375 0.03369140625 0.1669921875
