0 0.351318359375 0.396484375 0.01123046875 0.056640625
0 0.47998046875 0.3935546875 0.0107421875 0.052734375
0 0.003173828125 0.4013671875 0.00634765625 0.041015625
0 0.018310546875 0.39892578125 0.00830078125 0.0419921875
0 0.064453125 0.4052734375 0.0048828125 0.025390625
0 0.18603515625 0.4052734375 0.015625 0.080078125
0 0.12451171875 0.40380859375 0.01953125 0.0947265625
0 0.113037109375 0.40869140625 0.02197265625 0.1064453125
0 0.1435546875 0.421875 0.0302734375 0.150390625
0 0.6201171875 0.3955078125 0.0146484375 0.072265625
0 0.272705078125 0.4296875 0.01904296875 0.09375
0 0.27880859375 0.42578125 0.0244140625 0.12109375
0 0.257080078125 0.42431640625 0.02490234375 0.1220703125
0 0.330810546875 0.39794921875 0.01416015625 0.0693359375
0 0.907470703125 0.43701171875 0.04345703125 0.2138671875
