0 0.35400390625 0.4482421875 0.0283203125 0.138671875
0 0.400634765625 0.4404296875 0.02392578125 0.119140625
0 0.408447265625 0.4560546875 0.02490234375 0.125
0 0.476806640625 0.45068359375 0.02001953125 0.0986328125
0 0.48095703125 0.45166015625 0.0205078125 0.1005859375
0 0.524169921875 0.453125 0.02001953125 0.099609375
0 0.613037109375 0.4326171875 0.01708984375 0.083984375
0 0.594482421875 0.44091796875 0.01806640625 0.0908203125
0 0.676025390625 0.43798828125 0.00927734375 0.0458984375
0 0.708740234375 0.4345703125 0.01123046875 0.056640625
0 0.723876953125 0.43896484375 0.00830078125 0.0419921875
0 0.734375 0.45361328125 0.0205078125 0.1005859375
0 0.70068359375 0.44775390625 0.021484375 0.1044921875
0 0.83837890625 0.431640625 0.0126953125 0.0625
0 0.859619140625 0.4384765625 0.01513671875 0.07421875
0 0.870361328125 0.44287109375 0.01318359375 0.0654296875
0 0.878173828125 0.43701171875 0.01220703125 0.0615234375
0 0.884033203125 0.4375 0.01318359375 0.064453125
0 0.901611328125 0.46142578125 0.02587890625 0.1298828125
0 0.926025390625 0.4814453125 0.03173828125 0.154296875
0 0.969970703125 0.48828125 0.02978515625 0.146484375
0 0.826416015625 0.4482421875 0.01904296875 0.09375
0 0.81298828125 0.44921875 0.01953125 0.095703125
0 0.790283203125 0.4443359375 0.02294921875 0.115234375
0 0.80517578125 0.4482421875 0.021484375 0.10546875
