0 0.47021484375 0.37939453125 0.00390625 0.0205078125
0 0.429931640625 0.38037109375 0.00634765625 0.0322265625
0 0.447509765625 0.376953125 0.00537109375 0.02734375
0 0.4169921875 0.3876953125 0.0078125 0.0390625
0 0.555908203125 0.38232421875 0.00927734375 0.0458984375
0 0.568359375 0.38427734375 0.013671875 0.0673828125
0 0.583251953125 0.38037109375 0.01318359375 0.0654296875
0 0.591064453125 0.38330078125 0.01318359375 0.0673828125
0 0.224853515625 0.43603515625 0.01513671875 0.0751953125
0 0.348876953125 0.40869140625 0.02099609375 0.1044921875
0 0.48046875 0.3828125 0.005859375 0.029296875
