0 0.428955078125 0.40966796875 0.01025390625 0.0517578125
0 0.843017578125 0.42724609375 0.00830078125 0.0419921875
0 0.845947265625 0.42724609375 0.00732421875 0.0380859375
0 0.060546875 0.40087890625 0.0205078125 0.1005859375
0 0.085693359375 0.4052734375 0.01904296875 0.09375
0 0.20458984375 0.43212890625 0.0244140625 0.1201171875
0 0.2177734375 0.43359375 0.025390625 0.126953125
0 0.4228515625 0.41064453125 0.01171875 0.0595703125
0 0.1904296875 0.44970703125 0.0185546875 0.0908203125
0 0.48583984375 0.42431640625 0.0146484375 0.0712890625
0 0.475341796875 0.41845703125 0.01416015625 0.0712890625
0 0.46826171875 0.421875 0.013671875 0.068359375
0 0.6357421875 0.42578125 0.0126953125 0.0625
0 0.63232421875 0.423828125 0.013671875 0.068359375
0 0.650146484375 0.423828125 0.01416015625 0.072265625
0 0.656494140625 0.42138671875 0.01611328125 0.0791015625
0 0.982666015625 0.43310546875 0.01220703125 0.0615234375
0 0.878662109375 0.4150390625 0.01025390625 0.05078125
0 0.87255859375 0.41650390625 0.01171875 0.0576171875
0 0.8603515625 0.43359375 0.0126953125 0.0625
0 0.851318359375 0.43212890625 0.01220703125 0.0615234375
0 0.9404296875 0.4375 0.052734375 0.2578125
0 0.563232421875 0.42333984375 0.01513671875 0.0751953125
0 0.3203125 0.41845703125 0.0302734375 0.1494140625
0 0.308837890625 0.41552734375 0.03369140625 0.1669921875
0 0.431884765625 0.4228515625 0.01513671875 0.076171875
