0 0.610595703125 0.341796875 0.00927734375 0.044921875
0 0.344970703125 0.35888671875 0.01123046875 0.0556640625
0 0.305908203125 0.37548828125 0.01611328125 0.0791015625
0 0.369384765625 0.36181640625 0.00927734375 0.0458984375
0 0.337890625 0.36181640625 0.0107421875 0.0537109375
0 0.295166015625 0.37255859375 0.01416015625 0.0712890625
0 0.28466796875 0.3798828125 0.0146484375 0.072265625
0 0.1025390625 0.43310546875 0.041015625 0.2021484375
0 0.0283203125 0.3896484375 0.0146484375 0.037109375
0 0.017333984375 0.39892578125 0.00927734375 0.0517578125
0 0.009765625 0.4287109375 0.01953125 0.1796875
0 0.052734375 0.42626953125 0.0419921875 0.2080078125
0 0.08837890625 0.43701171875 0.044921875 0.2197265625
0 0.177490234375 0.47021484375 0.05712890625 0.2802734375
0 0.2373046875 0.45654296875 0.0693359375 0.3408203125
0 0.575927734375 0.33642578125 0.00634765625 0.0341796875
0 0.564208984375 0.33984375 0.00537109375 0.029296875
0 0.587646484375 0.359375 0.01416015625 0.0703125
0 0.605712890625 0.34619140625 0.00927734375 0.0458984375
0 0.611328125 0.357421875 0.0087890625 0.04296875
0 0.60107421875 0.36181640625 0.0166015625 0.0810546875
0 0.62158203125 0.35498046875 0.0126953125 0.0634765625
0 0.6279296875 0.361328125 0.0146484375 0.072265625
0 0.63134765625 0.3642578125 0.0166015625 0.083984375
0 0.77001953125 0.388671875 0.0302734375 0.150390625
0 0.59423828125 0.376953125 0.0234375 0.115234375
0 0.543701171875 0.33203125 0.00341796875 0.017578125
0 0.457763671875 0.333984375 0.02783203125 0.025390625
0 0.563720703125 0.33935546875 0.02099609375 0.0322265625
0 0.56494140625 0.35205078125 0.0009765625 0.0068359375
