0 0.740234375 0.39794921875 0.005859375 0.0283203125
0 0.75048828125 0.39990234375 0.0048828125 0.0263671875
0 0.441650390625 0.3837890625 0.00830078125 0.041015625
0 0.56298828125 0.40380859375 0.017578125 0.0458984375
0 0.557861328125 0.4072265625 0.01318359375 0.044921875
0 0.544677734375 0.3984375 0.01318359375 0.064453125
0 0.53564453125 0.39794921875 0.013671875 0.0673828125
0 0.56396484375 0.39697265625 0.013671875 0.0693359375
0 0.635498046875 0.39892578125 0.01123046875 0.0556640625
0 0.628662109375 0.3994140625 0.01123046875 0.056640625
0 0.710693359375 0.39697265625 0.01025390625 0.0517578125
0 0.87939453125 0.416015625 0.0205078125 0.1015625
0 0.9609375 0.48779296875 0.0771484375 0.5361328125
0 0.13818359375 0.396484375 0.017578125 0.0859375
0 0.7646484375 0.39697265625 0.021484375 0.0400390625
