0 0.600341796875 0.4140625 0.01416015625 0.072265625
0 0.56787109375 0.40869140625 0.0068359375 0.0361328125
0 0.462890625 0.4052734375 0.0166015625 0.08203125
0 0.473388671875 0.41064453125 0.01611328125 0.0791015625
0 0.45361328125 0.40771484375 0.0166015625 0.0830078125
0 0.46826171875 0.4111328125 0.01953125 0.09765625
0 0.487060546875 0.40576171875 0.02099609375 0.1025390625
0 0.422119140625 0.41162109375 0.01904296875 0.0927734375
0 0.427001953125 0.41162109375 0.01904296875 0.0947265625
0 0.43994140625 0.416015625 0.0205078125 0.1015625
0 0.556396484375 0.4091796875 0.02197265625 0.107421875
0 0.73291015625 0.42919921875 0.046875 0.2294921875
0 0.68994140625 0.43701171875 0.0400390625 0.1962890625
0 0.6728515625 0.423828125 0.052734375 0.259765625
0 0.635009765625 0.43994140625 0.05224609375 0.2568359375
0 0.360595703125 0.4345703125 0.02783203125 0.13671875
0 0.318115234375 0.43115234375 0.02978515625 0.1474609375
0 0.300537109375 0.435546875 0.02978515625 0.146484375
0 0.2880859375 0.44189453125 0.029296875 0.1435546875
0 0.30126953125 0.43310546875 0.02734375 0.1337890625
0 0.3125 0.4404296875 0.0341796875 0.169921875
0 0.24658203125 0.4345703125 0.0400390625 0.1953125
0 0.24560546875 0.43505859375 0.0615234375 0.2998046875
0 0.1103515625 0.43896484375 0.048828125 0.2412109375
0 0.165283203125 0.4423828125 0.06005859375 0.29296875
0 0.582763671875 0.40966796875 0.02197265625 0.1044921875
