0 0.19775390625 0.3759765625 0.0166015625 0.08203125
0 0.2802734375 0.4033203125 0.0302734375 0.146484375
0 0.27392578125 0.40380859375 0.0380859375 0.1865234375
0 0.24658203125 0.4111328125 0.0341796875 0.16796875
0 0.301513671875 0.3935546875 0.03466796875 0.169921875
0 0.3095703125 0.408203125 0.0322265625 0.158203125
0 0.33203125 0.39453125 0.0302734375 0.150390625
0 0.341552734375 0.40625 0.03076171875 0.150390625
0 0.368896484375 0.40673828125 0.03173828125 0.1552734375
0 0.552734375 0.404296875 0.0087890625 0.044921875
0 0.555419921875 0.40966796875 0.01025390625 0.0517578125
0 0.5615234375 0.40380859375 0.0126953125 0.0654296875
0 0.583251953125 0.4169921875 0.04248046875 0.2109375
0 0.614990234375 0.4150390625 0.03564453125 0.17578125
0 0.6220703125 0.4287109375 0.0419921875 0.205078125
0 0.419189453125 0.41748046875 0.04541015625 0.2236328125
0 0.382568359375 0.42626953125 0.04638671875 0.2294921875
0 0.460693359375 0.41796875 0.05224609375 0.2578125
0 0.137939453125 0.35302734375 0.00927734375 0.0458984375
0 0.14892578125 0.37109375 0.01171875 0.056640625
0 0.1708984375 0.38330078125 0.01953125 0.0966796875
0 0.154541015625 0.37646484375 0.01708984375 0.0830078125
0 0.13134765625 0.38427734375 0.0166015625 0.0810546875
0 0.1904296875 0.38330078125 0.01953125 0.0966796875
0 0.21337890625 0.4150390625 0.0419921875 0.205078125
0 0.03759765625 0.41015625 0.0380859375 0.1875
0 0.0185546875 0.4072265625 0.037109375 0.19921875
0 0.73095703125 0.4091796875 0.041015625 0.201171875
0 0.712158203125 0.427734375 0.04052734375 0.19921875
0 0.79638671875 0.40966796875 0.0419921875 0.2060546875
0 0.776123046875 0.4130859375 0.04150390625 0.203125
0 0.78173828125 0.41943359375 0.041015625 0.2021484375
0 0.8359375 0.40771484375 0.044921875 0.2197265625
0 0.893310546875 0.38720703125 0.04443359375 0.2177734375
0 0.91845703125 0.40185546875 0.03515625 0.1728515625
0 0.879638671875 0.416015625 0.06298828125 0.30859375
0 0.904541015625 0.466796875 0.04638671875 0.2265625
0 0.857177734375 0.42919921875 0.06494140625 0.3173828125
0 0.9765625 0.443359375 0.0458984375 0.2734375
