0 0.301513671875 0.40673828125 0.02685546875 0.1337890625
0 0.309326171875 0.4169921875 0.02978515625 0.146484375
0 0.3623046875 0.4130859375 0.0322265625 0.158203125
0 0.4765625 0.4072265625 0.0126953125 0.064453125
0 0.47900390625 0.4091796875 0.01171875 0.056640625
0 0.5361328125 0.4072265625 0.0068359375 0.03515625
0 0.539306640625 0.4091796875 0.00732421875 0.037109375
0 0.494873046875 0.40283203125 0.01220703125 0.0615234375
0 0.504638671875 0.40771484375 0.00927734375 0.0439453125
0 0.515380859375 0.40771484375 0.00927734375 0.0458984375
0 0.50927734375 0.40673828125 0.009765625 0.0498046875
0 0.527587890625 0.4072265625 0.00830078125 0.04296875
0 0.5224609375 0.40869140625 0.0078125 0.0400390625
0 0.53271484375 0.40673828125 0.0087890625 0.0458984375
0 0.542724609375 0.408203125 0.00830078125 0.041015625
0 0.5458984375 0.412109375 0.005859375 0.03125
