0 0.78125 0.37744140625 0.0107421875 0.0517578125
0 0.500244140625 0.390625 0.01220703125 0.05859375
0 0.47412109375 0.390625 0.0166015625 0.08203125
0 0.46533203125 0.4765625 0.0634765625 0.310546875
0 0.21337890625 0.42822265625 0.0625 0.3056640625
0 0.84521484375 0.3955078125 0.0263671875 0.12890625
0 0.870361328125 0.3994140625 0.02392578125 0.119140625
0 0.962158203125 0.37744140625 0.01123046875 0.0556640625
0 0.95068359375 0.37646484375 0.0126953125 0.0634765625
0 0.9404296875 0.380859375 0.013671875 0.06640625
0 0.9072265625 0.40185546875 0.0224609375 0.1103515625
0 0.15087890625 0.41162109375 0.021484375 0.1064453125
0 0.933349609375 0.3984375 0.02490234375 0.125
0 0.14306640625 0.408203125 0.0234375 0.115234375
0 0.179931640625 0.41552734375 0.02001953125 0.0986328125
0 0.184326171875 0.41455078125 0.02099609375 0.1025390625
0 0.77294921875 0.3876953125 0.0166015625 0.08203125
0 0.9208984375 0.38818359375 0.015625 0.0869140625
0 0.9521484375 0.359375 0.0146484375 0.017578125
