0 0.66650390625 0.4111328125 0.0078125 0.0390625
0 0.669189453125 0.4111328125 0.00830078125 0.041015625
0 0.678466796875 0.41064453125 0.00830078125 0.0400390625
0 0.67578125 0.41162109375 0.0087890625 0.0439453125
0 0.68310546875 0.4140625 0.009765625 0.048828125
0 0.661376953125 0.40966796875 0.01513671875 0.0732421875
0 0.650634765625 0.40869140625 0.03076171875 0.1533203125
0 0.623046875 0.4072265625 0.013671875 0.068359375
0 0.620361328125 0.412109375 0.01220703125 0.0625
0 0.607421875 0.41162109375 0.0126953125 0.0654296875
0 0.595947265625 0.4130859375 0.02783203125 0.138671875
0 0.5908203125 0.40966796875 0.0322265625 0.1591796875
0 0.530517578125 0.40771484375 0.02001953125 0.1005859375
0 0.52197265625 0.41015625 0.021484375 0.107421875
0 0.5087890625 0.41162109375 0.033203125 0.1630859375
0 0.426025390625 0.41845703125 0.03076171875 0.1513671875
0 0.545166015625 0.40673828125 0.03173828125 0.1572265625
0 0.5732421875 0.40380859375 0.0078125 0.0673828125
0 0.558349609375 0.4091796875 0.03369140625 0.166015625
0 0.41796875 0.427734375 0.029296875 0.14453125
0 0.082763671875 0.40673828125 0.02685546875 0.1337890625
0 0.7177734375 0.40283203125 0.0341796875 0.1669921875
0 0.900634765625 0.4091796875 0.02685546875 0.1328125
0 0.905517578125 0.412109375 0.02783203125 0.13671875
0 0.94384765625 0.40869140625 0.02734375 0.1337890625
0 0.03369140625 0.49072265625 0.0673828125 0.4443359375
0 0.0341796875 0.4921875 0.068359375 0.666015625
0 0.359375 0.5224609375 0.11328125 0.5546875
0 0.635009765625 0.4072265625 0.01220703125 0.060546875
0 0.985107421875 0.39501953125 0.02880859375 0.1533203125
