0 0.6611328125 0.3720703125 0.005859375 0.029296875
0 0.69384765625 0.3681640625 0.0087890625 0.044921875
0 0.733642578125 0.3564453125 0.01123046875 0.0546875
0 0.71875 0.357421875 0.0107421875 0.052734375
0 0.7451171875 0.357421875 0.0068359375 0.03515625
0 0.7626953125 0.345703125 0.0078125 0.041015625
0 0.243896484375 0.4140625 0.00830078125 0.04296875
0 0.132568359375 0.42333984375 0.00927734375 0.0458984375
0 0.3291015625 0.416015625 0.0205078125 0.099609375
0 0.593505859375 0.3779296875 0.00732421875 0.0234375
