0 0.64208984375 0.423828125 0.0107421875 0.0546875
0 0.626953125 0.423828125 0.0185546875 0.091796875
0 0.662841796875 0.43701171875 0.01904296875 0.0947265625
0 0.7021484375 0.43701171875 0.0380859375 0.1865234375
0 0.81884765625 0.4541015625 0.0419921875 0.20703125
0 0.80322265625 0.44580078125 0.0556640625 0.2724609375
0 0.849609375 0.44970703125 0.03125 0.1533203125
0 0.858154296875 0.4462890625 0.04638671875 0.2265625
0 0.897705078125 0.45849609375 0.03271484375 0.1611328125
0 0.873779296875 0.4521484375 0.05615234375 0.275390625
0 0.601806640625 0.427734375 0.03759765625 0.185546875
0 0.11865234375 0.42431640625 0.0302734375 0.1494140625
0 0.192138671875 0.421875 0.03076171875 0.15234375
0 0.973388671875 0.4638671875 0.05029296875 0.248046875
0 0.952880859375 0.45556640625 0.09130859375 0.4443359375
