0 0.48193359375 0.498046875 0.009765625 0.048828125
0 0.49560546875 0.498046875 0.009765625 0.048828125
0 0.490478515625 0.50537109375 0.01025390625 0.0498046875
0 0.63427734375 0.51220703125 0.017578125 0.0869140625
0 0.655517578125 0.50732421875 0.01513671875 0.0751953125
0 0.677734375 0.52490234375 0.017578125 0.0771484375
0 0.625244140625 0.533203125 0.05615234375 0.275390625
0 0.589111328125 0.53515625 0.05615234375 0.2734375
0 0.55224609375 0.5498046875 0.0654296875 0.322265625
0 0.447509765625 0.51025390625 0.04931640625 0.2412109375
0 0.425048828125 0.52001953125 0.04638671875 0.2275390625
0 0.421630859375 0.53955078125 0.07275390625 0.3544921875
0 0.3681640625 0.52294921875 0.060546875 0.2978515625
0 0.426513671875 0.5556640625 0.07177734375 0.3515625
0 0.309326171875 0.501953125 0.05322265625 0.259765625
0 0.307861328125 0.52197265625 0.04736328125 0.2314453125
0 0.33203125 0.5400390625 0.0576171875 0.283203125
0 0.7080078125 0.5341796875 0.052734375 0.2578125
0 0.26123046875 0.50634765625 0.041015625 0.2021484375
0 0.199951171875 0.52490234375 0.05126953125 0.2509765625
0 0.116943359375 0.54052734375 0.06298828125 0.3095703125
0 0.0595703125 0.5498046875 0.0673828125 0.330078125
0 0.0244140625 0.54150390625 0.048828125 0.4189453125
0 0.862060546875 0.5439453125 0.07080078125 0.34765625
0 0.85400390625 0.55810546875 0.0703125 0.3447265625
0 0.955322265625 0.53955078125 0.06982421875 0.3408203125
0 0.941650390625 0.5771484375 0.06982421875 0.33984375
0 0.958740234375 0.54296875 0.08154296875 0.4140625
