0 0.451416015625 0.423828125 0.00537109375 0.02734375
0 0.431640625 0.42138671875 0.0068359375 0.0341796875
0 0.30126953125 0.43603515625 0.0107421875 0.0537109375
0 0.205078125 0.44384765625 0.015625 0.0771484375
0 0.5458984375 0.42138671875 0.005859375 0.0283203125
0 0.624755859375 0.41552734375 0.01025390625 0.0498046875
0 0.654052734375 0.41943359375 0.01611328125 0.0791015625
0 0.673583984375 0.416015625 0.01611328125 0.080078125
0 0.709228515625 0.42333984375 0.01904296875 0.0947265625
0 0.83935546875 0.4326171875 0.0263671875 0.12890625
0 0.89892578125 0.4296875 0.0498046875 0.244140625
0 0.9345703125 0.45751953125 0.0556640625 0.2724609375
