0 0.7041015625 0.42919921875 0.0078125 0.0380859375
0 0.699462890625 0.42919921875 0.00732421875 0.0361328125
0 0.65087890625 0.421875 0.009765625 0.048828125
0 0.655029296875 0.42919921875 0.01025390625 0.0517578125
0 0.660888671875 0.43017578125 0.01513671875 0.0751953125
0 0.639892578125 0.43017578125 0.02099609375 0.1044921875
0 0.635009765625 0.4296875 0.02197265625 0.109375
0 0.60888671875 0.427734375 0.0341796875 0.16796875
0 0.5859375 0.4326171875 0.03125 0.154296875
0 0.085693359375 0.4716796875 0.10986328125 0.537109375
0 0.18212890625 0.48193359375 0.115234375 0.5634765625
0 0.98193359375 0.39111328125 0.03515625 0.2099609375
0 0.97412109375 0.43017578125 0.05078125 0.2880859375
