0 0.56005859375 0.41796875 0.01171875 0.05859375
0 0.568359375 0.42236328125 0.013671875 0.0673828125
0 0.572998046875 0.41455078125 0.01318359375 0.0654296875
0 0.5908203125 0.421875 0.0126953125 0.0625
0 0.581787109375 0.4248046875 0.01708984375 0.0859375
0 0.599609375 0.42041015625 0.017578125 0.0888671875
0 0.65087890625 0.431640625 0.029296875 0.14453125
0 0.6630859375 0.43408203125 0.03515625 0.1728515625
0 0.708740234375 0.4326171875 0.05224609375 0.255859375
0 0.689453125 0.4462890625 0.0498046875 0.244140625
