0 0.175048828125 0.42333984375 0.01123046875 0.0556640625
0 0.067138671875 0.42529296875 0.01904296875 0.0947265625
0 0.05908203125 0.421875 0.0224609375 0.111328125
0 0.081298828125 0.42822265625 0.02001953125 0.1005859375
0 0.03857421875 0.41552734375 0.0244140625 0.1220703125
0 0.34521484375 0.4150390625 0.009765625 0.048828125
0 0.415771484375 0.40185546875 0.01708984375 0.0849609375
0 0.374755859375 0.40625 0.02978515625 0.1484375
0 0.500732421875 0.39501953125 0.01806640625 0.0888671875
0 0.497802734375 0.3935546875 0.01904296875 0.09375
0 0.258544921875 0.390625 0.02392578125 0.119140625
0 0.361572265625 0.4130859375 0.01025390625 0.0546875
