0 0.220703125 0.40576171875 0.033203125 0.1611328125
0 0.495849609375 0.37744140625 0.00927734375 0.0478515625
0 0.50439453125 0.37158203125 0.0126953125 0.0615234375
0 0.473876953125 0.36962890625 0.01806640625 0.0888671875
0 0.473388671875 0.38330078125 0.02001953125 0.0986328125
0 0.489990234375 0.3857421875 0.02099609375 0.10546875
0 0.566650390625 0.37451171875 0.01025390625 0.0498046875
0 0.574951171875 0.3720703125 0.01123046875 0.056640625
0 0.795654296875 0.3779296875 0.00634765625 0.033203125
0 0.7607421875 0.396484375 0.025390625 0.125
0 0.662109375 0.3876953125 0.0244140625 0.119140625
0 0.676025390625 0.39794921875 0.02294921875 0.1142578125
