0 0.485595703125 0.4150390625 0.01025390625 0.052734375
0 0.47509765625 0.4189453125 0.0068359375 0.03515625
0 0.46435546875 0.41357421875 0.0087890625 0.0419921875
0 0.45947265625 0.41455078125 0.01171875 0.0576171875
0 0.469970703125 0.41943359375 0.01025390625 0.0498046875
0 0.450927734375 0.42138671875 0.01611328125 0.0791015625
0 0.43017578125 0.416015625 0.017578125 0.087890625
0 0.41064453125 0.41943359375 0.0146484375 0.0732421875
0 0.366455078125 0.41796875 0.02197265625 0.107421875
0 0.3427734375 0.4130859375 0.0224609375 0.111328125
0 0.332275390625 0.42333984375 0.02587890625 0.1279296875
0 0.35107421875 0.421875 0.0283203125 0.140625
0 0.120849609375 0.42822265625 0.04248046875 0.2080078125
0 0.138427734375 0.42724609375 0.04931640625 0.2412109375
0 0.50146484375 0.41943359375 0.00390625 0.0185546875
0 0.507080078125 0.419921875 0.00341796875 0.01953125
0 0.5361328125 0.41796875 0.005859375 0.029296875
0 0.541015625 0.41796875 0.0048828125 0.025390625
0 0.549560546875 0.41796875 0.00537109375 0.029296875
0 0.55322265625 0.419921875 0.0048828125 0.02734375
0 0.55712890625 0.4189453125 0.005859375 0.03125
0 0.572265625 0.4140625 0.0107421875 0.052734375
0 0.576171875 0.412109375 0.0078125 0.041015625
0 0.584716796875 0.4140625 0.00927734375 0.044921875
0 0.591064453125 0.4111328125 0.00634765625 0.03125
0 0.597412109375 0.4140625 0.00830078125 0.04296875
0 0.631591796875 0.4140625 0.01123046875 0.056640625
0 0.622802734375 0.41162109375 0.01318359375 0.0654296875
0 0.6298828125 0.4140625 0.01171875 0.05859375
0 0.615966796875 0.41357421875 0.01806640625 0.0908203125
0 0.608642578125 0.41796875 0.01708984375 0.083984375
0 0.626220703125 0.421875 0.01611328125 0.080078125
0 0.872314453125 0.44384765625 0.04541015625 0.2236328125
0 0.688720703125 0.41748046875 0.02099609375 0.1025390625
0 0.668212890625 0.4208984375 0.02001953125 0.099609375
0 0.679443359375 0.4296875 0.02099609375 0.103515625
0 0.69287109375 0.43505859375 0.0302734375 0.1494140625
0 0.802734375 0.45068359375 0.05078125 0.2509765625
0 0.845703125 0.4521484375 0.0498046875 0.24609375
0 0.961181640625 0.4599609375 0.05419921875 0.267578125
0 0.0771484375 0.4306640625 0.0400390625 0.19921875
0 0.490478515625 0.41552734375 0.01025390625 0.0517578125
