0 0.88525390625 0.3173828125 0.0166015625 0.0390625
0 0.350341796875 0.36669921875 0.00634765625 0.0205078125
0 0.343505859375 0.36572265625 0.00732421875 0.0224609375
0 0.367431640625 0.3740234375 0.00634765625 0.033203125
0 0.39208984375 0.3916015625 0.0126953125 0.0625
0 0.385498046875 0.38916015625 0.01416015625 0.0693359375
0 0.43359375 0.39501953125 0.0126953125 0.0615234375
0 0.43408203125 0.39208984375 0.0146484375 0.0712890625
0 0.6015625 0.37744140625 0.0078125 0.0400390625
0 0.597412109375 0.3720703125 0.00732421875 0.037109375
0 0.59716796875 0.3818359375 0.0087890625 0.04296875
0 0.94384765625 0.35009765625 0.01171875 0.0341796875
0 0.968505859375 0.31591796875 0.01220703125 0.0322265625
0 0.96240234375 0.31640625 0.0166015625 0.029296875
0 0.97900390625 0.3203125 0.0107421875 0.05078125
0 0.58837890625 0.37744140625 0.0078125 0.0615234375
