0 0.43701171875 0.4296875 0.005859375 0.029296875
0 0.43115234375 0.4306640625 0.0048828125 0.025390625
0 0.44677734375 0.43212890625 0.005859375 0.0283203125
0 0.393310546875 0.43359375 0.00732421875 0.037109375
0 0.4833984375 0.4306640625 0.0048828125 0.0234375
0 0.47705078125 0.4287109375 0.0087890625 0.04296875
0 0.3994140625 0.41943359375 0.0185546875 0.0927734375
0 0.4052734375 0.4267578125 0.0244140625 0.119140625
0 0.32861328125 0.42919921875 0.0205078125 0.1005859375
0 0.3125 0.423828125 0.0244140625 0.119140625
0 0.568603515625 0.4052734375 0.02392578125 0.1171875
0 0.528076171875 0.4228515625 0.02587890625 0.126953125
0 0.49609375 0.41650390625 0.0244140625 0.1201171875
0 0.923583984375 0.359375 0.03369140625 0.1640625
0 0.8955078125 0.3623046875 0.033203125 0.1640625
0 0.849853515625 0.3955078125 0.02197265625 0.107421875
0 0.8671875 0.388671875 0.0263671875 0.130859375
0 0.422607421875 0.4248046875 0.02685546875 0.1328125
0 0.21337890625 0.43017578125 0.0244140625 0.1201171875
0 0.26318359375 0.43310546875 0.041015625 0.2001953125
0 0.241455078125 0.443359375 0.03466796875 0.169921875
0 0.224365234375 0.4541015625 0.04150390625 0.205078125
0 0.184326171875 0.44775390625 0.04248046875 0.2080078125
0 0.058837890625 0.4345703125 0.02099609375 0.10546875
