0 0.37939453125 0.39697265625 0.013671875 0.0693359375
0 0.711181640625 0.3994140625 0.00341796875 0.01171875
0 0.6826171875 0.39794921875 0.005859375 0.0068359375
0 0.7060546875 0.3994140625 0.005859375 0.0078125
0 0.621826171875 0.40478515625 0.01318359375 0.0673828125
0 0.753173828125 0.43359375 0.03271484375 0.162109375
0 0.69140625 0.4052734375 0.0146484375 0.072265625
0 0.665771484375 0.4052734375 0.00927734375 0.048828125
0 0.65576171875 0.4072265625 0.0068359375 0.01953125
0 0.65380859375 0.40380859375 0.0048828125 0.0185546875
