0 0.716064453125 0.400390625 0.01708984375 0.0859375
0 0.739501953125 0.40869140625 0.01904296875 0.0927734375
0 0.494140625 0.39697265625 0.0048828125 0.0244140625
0 0.49951171875 0.39599609375 0.0048828125 0.0244140625
0 0.482666015625 0.40869140625 0.00732421875 0.0361328125
0 0.47607421875 0.40966796875 0.0068359375 0.0341796875
0 0.4609375 0.412109375 0.0078125 0.041015625
0 0.43017578125 0.40966796875 0.0068359375 0.0341796875
0 0.385498046875 0.4150390625 0.01318359375 0.06640625
0 0.46630859375 0.40771484375 0.0048828125 0.0263671875
0 0.43017578125 0.41064453125 0.0068359375 0.0341796875
