0 0.104248046875 0.37890625 0.00927734375 0.046875
0 0.11376953125 0.37744140625 0.0087890625 0.0439453125
0 0.1083984375 0.37841796875 0.009765625 0.0498046875
0 0.137939453125 0.3740234375 0.01123046875 0.0546875
0 0.818359375 0.40966796875 0.0185546875 0.0908203125
0 0.87744140625 0.4150390625 0.0166015625 0.08203125
0 0.6748046875 0.42041015625 0.0361328125 0.1767578125
0 0.227294921875 0.39990234375 0.02490234375 0.1240234375
0 0.2265625 0.40576171875 0.0244140625 0.1220703125
0 0.24658203125 0.39501953125 0.029296875 0.1435546875
