0 0.528564453125 0.4169921875 0.00439453125 0.0234375
0 0.573974609375 0.4365234375 0.00537109375 0.02734375
0 0.580322265625 0.4326171875 0.00439453125 0.0234375
0 0.588134765625 0.43505859375 0.00634765625 0.0322265625
0 0.625 0.4228515625 0.0146484375 0.07421875
0 0.647216796875 0.42578125 0.01220703125 0.0625
0 0.630859375 0.42529296875 0.013671875 0.0693359375
0 0.637451171875 0.42431640625 0.01416015625 0.0712890625
0 0.65380859375 0.42138671875 0.0146484375 0.0712890625
0 0.704833984375 0.4189453125 0.01513671875 0.07421875
0 0.690673828125 0.4150390625 0.01806640625 0.08984375
0 0.716796875 0.41748046875 0.0146484375 0.0751953125
0 0.71923828125 0.41943359375 0.015625 0.0771484375
0 0.726806640625 0.41455078125 0.02001953125 0.1005859375
0 0.734375 0.41845703125 0.01953125 0.0986328125
0 0.988525390625 0.42431640625 0.02197265625 0.1318359375
0 0.917236328125 0.419921875 0.02783203125 0.13671875
0 0.97412109375 0.42724609375 0.0263671875 0.1318359375
0 0.9716796875 0.44189453125 0.0263671875 0.1298828125
0 0.9423828125 0.4306640625 0.0283203125 0.138671875
0 0.942626953125 0.4306640625 0.03369140625 0.166015625
0 0.909423828125 0.44140625 0.02978515625 0.146484375
0 0.45556640625 0.43359375 0.0078125 0.0390625
0 0.460205078125 0.43359375 0.00732421875 0.037109375
0 0.44482421875 0.43359375 0.00390625 0.021484375
0 0.468505859375 0.43212890625 0.00927734375 0.0458984375
0 0.449462890625 0.43505859375 0.00732421875 0.0380859375
0 0.43994140625 0.43017578125 0.009765625 0.0478515625
0 0.4267578125 0.43017578125 0.0087890625 0.0458984375
0 0.41943359375 0.4345703125 0.0068359375 0.033203125
0 0.4130859375 0.4365234375 0.0068359375 0.033203125
0 0.31982421875 0.41064453125 0.0458984375 0.2236328125
0 0.3466796875 0.4091796875 0.0517578125 0.25390625
0 0.33642578125 0.4140625 0.056640625 0.279296875
0 0.219970703125 0.4267578125 0.06689453125 0.328125
0 0.701416015625 0.41845703125 0.01708984375 0.0849609375
