0 0.217529296875 0.5068359375 0.00634765625 0.033203125
0 0.210205078125 0.5126953125 0.00830078125 0.041015625
0 0.608154296875 0.5244140625 0.04150390625 0.205078125
0 0.438720703125 0.5302734375 0.04443359375 0.21875
0 0.49853515625 0.53369140625 0.041015625 0.2021484375
0 0.488037109375 0.5244140625 0.04736328125 0.232421875
0 0.584716796875 0.52099609375 0.04541015625 0.2236328125
0 0.557861328125 0.5341796875 0.04541015625 0.22265625
0 0.549072265625 0.533203125 0.04833984375 0.236328125
0 0.62060546875 0.53662109375 0.0498046875 0.2431640625
0 0.72216796875 0.53955078125 0.0458984375 0.2236328125
0 0.69873046875 0.5341796875 0.0478515625 0.236328125
0 0.7724609375 0.5322265625 0.0556640625 0.271484375
0 0.738525390625 0.53271484375 0.06298828125 0.3076171875
0 0.847900390625 0.53125 0.05029296875 0.24609375
0 0.81201171875 0.52490234375 0.05859375 0.2861328125
0 0.892822265625 0.537109375 0.06005859375 0.29296875
0 0.97900390625 0.50927734375 0.041015625 0.3134765625
0 0.95263671875 0.517578125 0.0634765625 0.3125
0 0.92822265625 0.5234375 0.064453125 0.314453125
0 0.248779296875 0.5048828125 0.00634765625 0.033203125
