0 0.375244140625 0.373046875 0.01513671875 0.076171875
0 0.384765625 0.365234375 0.0107421875 0.0546875
0 0.43310546875 0.36328125 0.009765625 0.048828125
0 0.215576171875 0.400390625 0.03076171875 0.15234375
0 0.16162109375 0.3974609375 0.0166015625 0.056640625
0 0.023681640625 0.3994140625 0.02490234375 0.04296875
0 0.0927734375 0.400390625 0.0361328125 0.041015625
0 0.063720703125 0.39599609375 0.02685546875 0.0576171875
0 0.689208984375 0.36669921875 0.03759765625 0.1865234375
0 0.755615234375 0.36767578125 0.03564453125 0.1748046875
0 0.914794921875 0.3525390625 0.03271484375 0.162109375
