0 0.553955078125 0.4287109375 0.01123046875 0.056640625
0 0.5205078125 0.4306640625 0.005859375 0.03125
0 0.570068359375 0.423828125 0.01123046875 0.056640625
0 0.56689453125 0.42578125 0.0126953125 0.0625
0 0.3642578125 0.4140625 0.0078125 0.0390625
0 0.385986328125 0.412109375 0.00830078125 0.041015625
0 0.39892578125 0.41748046875 0.0068359375 0.0361328125
0 0.45068359375 0.41796875 0.009765625 0.05078125
0 0.780517578125 0.443359375 0.02783203125 0.138671875
0 0.12109375 0.4208984375 0.0615234375 0.302734375
0 0.068359375 0.4326171875 0.0556640625 0.2734375
0 0.10791015625 0.48779296875 0.0869140625 0.4248046875
0 0.22265625 0.44091796875 0.0576171875 0.2822265625
0 0.248291015625 0.4384765625 0.06689453125 0.328125
0 0.177490234375 0.4560546875 0.06396484375 0.3125
0 0.089599609375 0.49267578125 0.12255859375 0.5986328125
