0 0.51708984375 0.45751953125 0.00390625 0.0205078125
0 0.52880859375 0.46240234375 0.0078125 0.0380859375
0 0.531982421875 0.46484375 0.00732421875 0.0390625
0 0.536376953125 0.46728515625 0.00732421875 0.0380859375
0 0.550048828125 0.46240234375 0.00927734375 0.0478515625
0 0.55859375 0.4541015625 0.00390625 0.01953125
0 0.563232421875 0.4638671875 0.00830078125 0.041015625
0 0.5556640625 0.4638671875 0.0078125 0.041015625
0 0.453125 0.46630859375 0.0087890625 0.0439453125
0 0.34130859375 0.4736328125 0.01171875 0.03515625
0 0.346923828125 0.4736328125 0.00732421875 0.037109375
0 0.401611328125 0.4716796875 0.00537109375 0.03515625
0 0.381591796875 0.45947265625 0.01025390625 0.0185546875
0 0.395263671875 0.4716796875 0.00927734375 0.03515625
0 0.352294921875 0.4638671875 0.01123046875 0.056640625
0 0.363525390625 0.47216796875 0.00927734375 0.0478515625
0 0.41455078125 0.466796875 0.0087890625 0.044921875
0 0.608154296875 0.4560546875 0.01611328125 0.080078125
0 0.62744140625 0.466796875 0.01171875 0.0390625
0 0.648681640625 0.4521484375 0.01806640625 0.087890625
0 0.68701171875 0.45068359375 0.0185546875 0.0927734375
0 0.67822265625 0.43896484375 0.025390625 0.1240234375
0 0.66455078125 0.44580078125 0.025390625 0.1259765625
0 0.702392578125 0.44384765625 0.02587890625 0.1259765625
0 0.75732421875 0.44091796875 0.0322265625 0.1591796875
0 0.75537109375 0.44970703125 0.0322265625 0.1591796875
0 0.862548828125 0.46923828125 0.05908203125 0.2880859375
0 0.831298828125 0.4765625 0.05615234375 0.275390625
0 0.56884765625 0.4609375 0.0048828125 0.03515625
