0 0.648193359375 0.39501953125 0.00634765625 0.0302734375
0 0.674072265625 0.3916015625 0.00732421875 0.021484375
0 0.659423828125 0.396484375 0.00732421875 0.037109375
0 0.663818359375 0.40380859375 0.01708984375 0.0849609375
0 0.637939453125 0.40380859375 0.01708984375 0.0849609375
0 0.6279296875 0.40380859375 0.015625 0.0791015625
0 0.6328125 0.40869140625 0.0224609375 0.1103515625
0 0.595947265625 0.40380859375 0.01416015625 0.0693359375
0 0.584716796875 0.4052734375 0.01708984375 0.083984375
0 0.568359375 0.3994140625 0.0146484375 0.07421875
0 0.411865234375 0.42236328125 0.03466796875 0.1728515625
0 0.435546875 0.439453125 0.041015625 0.201171875
0 0.459228515625 0.482421875 0.09619140625 0.47265625
0 0.55810546875 0.56787109375 0.072265625 0.3544921875
0 0.35302734375 0.41650390625 0.037109375 0.1845703125
0 0.2890625 0.4208984375 0.0380859375 0.1875
