0 0.576904296875 0.3798828125 0.01025390625 0.05078125
0 0.7607421875 0.37939453125 0.0107421875 0.0537109375
0 0.77685546875 0.39013671875 0.005859375 0.0302734375
0 0.8046875 0.3759765625 0.0166015625 0.08203125
0 0.821044921875 0.375 0.01708984375 0.0859375
0 0.806396484375 0.376953125 0.01611328125 0.080078125
0 0.796875 0.376953125 0.01953125 0.09765625
0 0.812255859375 0.3828125 0.01806640625 0.087890625
0 0.680419921875 0.39111328125 0.00634765625 0.0322265625
0 0.918212890625 0.4111328125 0.03955078125 0.193359375
0 0.891845703125 0.4111328125 0.04150390625 0.201171875
0 0.523193359375 0.416015625 0.04248046875 0.20703125
0 0.703857421875 0.39892578125 0.04931640625 0.2412109375
0 0.479248046875 0.408203125 0.04443359375 0.21875
0 0.73388671875 0.4091796875 0.0478515625 0.232421875
0 0.424560546875 0.39599609375 0.03076171875 0.1533203125
0 0.356689453125 0.39306640625 0.03466796875 0.1708984375
0 0.61279296875 0.39013671875 0.0166015625 0.0322265625
0 0.01904296875 0.44091796875 0.0380859375 0.2607421875
0 0.5478515625 0.37255859375 0.017578125 0.0869140625
0 0.601806640625 0.37744140625 0.01220703125 0.0615234375
0 0.583984375 0.38330078125 0.0087890625 0.0458984375
0 0.65673828125 0.39501953125 0.0048828125 0.0244140625
