0 0.374755859375 0.427734375 0.00732421875 0.03515625
0 0.30712890625 0.4306640625 0.0166015625 0.083984375
0 0.296142578125 0.43408203125 0.01513671875 0.0751953125
0 0.271240234375 0.447265625 0.02001953125 0.09765625
0 0.244384765625 0.4365234375 0.01611328125 0.080078125
0 0.259765625 0.4423828125 0.021484375 0.10546875
0 0.23046875 0.44873046875 0.0205078125 0.1025390625
0 0.220458984375 0.451171875 0.02099609375 0.1015625
0 0.1943359375 0.44775390625 0.017578125 0.0888671875
0 0.182373046875 0.4443359375 0.01904296875 0.095703125
0 0.12158203125 0.48095703125 0.025390625 0.1259765625
0 0.101318359375 0.4697265625 0.03173828125 0.15625
0 0.044677734375 0.48291015625 0.02880859375 0.1435546875
0 0.366455078125 0.41943359375 0.00927734375 0.0478515625
0 0.406982421875 0.43896484375 0.02587890625 0.1279296875
0 0.360595703125 0.4345703125 0.01806640625 0.08984375
0 0.397216796875 0.4365234375 0.02783203125 0.13671875
0 0.607666015625 0.42529296875 0.02197265625 0.1083984375
0 0.602783203125 0.41650390625 0.02587890625 0.1279296875
0 0.714111328125 0.4013671875 0.03076171875 0.150390625
0 0.880615234375 0.40478515625 0.02197265625 0.1083984375
0 0.913818359375 0.40087890625 0.02197265625 0.1083984375
0 0.931396484375 0.39111328125 0.02587890625 0.1279296875
0 0.918701171875 0.396484375 0.02392578125 0.119140625
