0 0.587890625 0.4931640625 0.0078125 0.0390625
0 0.583251953125 0.49072265625 0.00830078125 0.0400390625
0 0.61279296875 0.4912109375 0.0068359375 0.033203125
0 0.668701171875 0.482421875 0.00537109375 0.029296875
0 0.6162109375 0.48876953125 0.0068359375 0.0361328125
0 0.66650390625 0.48388671875 0.0068359375 0.0341796875
0 0.65576171875 0.484375 0.005859375 0.03125
0 0.65966796875 0.48193359375 0.0068359375 0.0341796875
0 0.660888671875 0.48388671875 0.00634765625 0.0322265625
0 0.38720703125 0.5048828125 0.015625 0.076171875
0 0.376708984375 0.50146484375 0.01611328125 0.0791015625
0 0.361083984375 0.513671875 0.01416015625 0.0703125
0 0.3447265625 0.509765625 0.015625 0.076171875
0 0.486572265625 0.4990234375 0.01318359375 0.06640625
0 0.479248046875 0.513671875 0.00732421875 0.037109375
0 0.334228515625 0.5048828125 0.01708984375 0.083984375
0 0.849853515625 0.50537109375 0.06591796875 0.3232421875
0 0.95703125 0.51123046875 0.0654296875 0.3193359375
0 0.908203125 0.52392578125 0.0615234375 0.3017578125
0 0.594970703125 0.4951171875 0.00732421875 0.0390625
0 0.699462890625 0.474609375 0.00537109375 0.02734375
