0 0.69189453125 0.412109375 0.0166015625 0.08203125
0 0.67822265625 0.4140625 0.015625 0.078125
0 0.67138671875 0.4150390625 0.0166015625 0.08203125
0 0.499267578125 0.40673828125 0.02099609375 0.1025390625
0 0.603759765625 0.416015625 0.01416015625 0.0703125
0 0.556884765625 0.41162109375 0.02099609375 0.1044921875
0 0.593994140625 0.40869140625 0.01708984375 0.0849609375
0 0.585205078125 0.40966796875 0.02294921875 0.1123046875
0 0.6142578125 0.4130859375 0.013671875 0.068359375
0 0.60888671875 0.408203125 0.017578125 0.0859375
0 0.63134765625 0.412109375 0.0166015625 0.080078125
0 0.64208984375 0.41259765625 0.0166015625 0.0830078125
0 0.650634765625 0.43310546875 0.00732421875 0.0380859375
0 0.656982421875 0.416015625 0.01513671875 0.076171875
