0 0.32861328125 0.37109375 0.0087890625 0.04296875
0 0.31884765625 0.37548828125 0.0068359375 0.0361328125
0 0.0302734375 0.43994140625 0.060546875 0.4677734375
0 0.076171875 0.44677734375 0.0986328125 0.4814453125
0 0.553955078125 0.39111328125 0.01708984375 0.0830078125
0 0.583251953125 0.39453125 0.01904296875 0.09375
0 0.573486328125 0.380859375 0.01806640625 0.087890625
0 0.6103515625 0.40283203125 0.01953125 0.0966796875
0 0.629638671875 0.396484375 0.01806640625 0.087890625
0 0.013427734375 0.67578125 0.00537109375 0.001953125
0 0.017578125 0.673828125 0.0009765625 0.0
