0 0.548828125 0.38037109375 0.0087890625 0.0439453125
0 0.55908203125 0.3759765625 0.0146484375 0.072265625
0 0.594482421875 0.376953125 0.01025390625 0.052734375
0 0.61083984375 0.3759765625 0.0107421875 0.0546875
0 0.603271484375 0.38134765625 0.01416015625 0.0712890625
0 0.618896484375 0.3798828125 0.01416015625 0.0703125
0 0.664306640625 0.388671875 0.01806640625 0.08984375
0 0.64501953125 0.390625 0.0302734375 0.1484375
0 0.686767578125 0.39453125 0.02001953125 0.099609375
0 0.67236328125 0.3994140625 0.0263671875 0.12890625
0 0.72900390625 0.37646484375 0.025390625 0.1259765625
0 0.710205078125 0.38232421875 0.02490234375 0.1240234375
0 0.74755859375 0.39501953125 0.041015625 0.2021484375
0 0.80419921875 0.39111328125 0.037109375 0.1826171875
0 0.785888671875 0.39306640625 0.03955078125 0.1943359375
0 0.57177734375 0.3779296875 0.015625 0.037109375
