0 0.460693359375 0.39990234375 0.00341796875 0.0185546875
0 0.470703125 0.40234375 0.0029296875 0.017578125
0 0.5869140625 0.39501953125 0.0068359375 0.0361328125
0 0.767333984375 0.42138671875 0.03173828125 0.1552734375
0 0.79150390625 0.42041015625 0.037109375 0.1826171875
0 0.827392578125 0.4140625 0.03662109375 0.181640625
0 0.17529296875 0.376953125 0.0068359375 0.033203125
0 0.182861328125 0.37939453125 0.00634765625 0.0322265625
0 0.18701171875 0.37890625 0.005859375 0.03125
0 0.20166015625 0.3857421875 0.0068359375 0.03515625
0 0.2158203125 0.38232421875 0.0068359375 0.0341796875
0 0.25537109375 0.3857421875 0.0078125 0.0390625
0 0.2998046875 0.38525390625 0.0078125 0.0380859375
0 0.306396484375 0.3828125 0.00830078125 0.04296875
0 0.314453125 0.3798828125 0.009765625 0.048828125
0 0.330078125 0.3837890625 0.0078125 0.041015625
0 0.373291015625 0.3857421875 0.00830078125 0.041015625
0 0.401611328125 0.39208984375 0.00830078125 0.0419921875
0 0.41357421875 0.38720703125 0.0078125 0.0400390625
0 0.436279296875 0.390625 0.00634765625 0.033203125
