0 0.51416015625 0.4072265625 0.0078125 0.0390625
0 0.4638671875 0.4072265625 0.0078125 0.0390625
0 0.497802734375 0.4091796875 0.00830078125 0.041015625
0 0.521484375 0.40771484375 0.005859375 0.0302734375
0 0.53955078125 0.40966796875 0.009765625 0.0478515625
0 0.56591796875 0.41552734375 0.009765625 0.0498046875
0 0.545654296875 0.4111328125 0.01123046875 0.05859375
0 0.558837890625 0.4111328125 0.01318359375 0.06640625
0 0.57080078125 0.412109375 0.01171875 0.05859375
0 0.57470703125 0.41162109375 0.013671875 0.0673828125
0 0.6240234375 0.4091796875 0.017578125 0.087890625
0 0.6318359375 0.41455078125 0.021484375 0.1044921875
0 0.641357421875 0.4111328125 0.02490234375 0.12109375
0 0.654296875 0.408203125 0.02734375 0.134765625
0 0.70703125 0.40869140625 0.0283203125 0.1396484375
0 0.6875 0.42626953125 0.02734375 0.1357421875
0 0.805908203125 0.41064453125 0.02783203125 0.1376953125
0 0.767578125 0.41015625 0.025390625 0.126953125
0 0.784423828125 0.40771484375 0.03564453125 0.1748046875
0 0.815673828125 0.40869140625 0.03271484375 0.1591796875
0 0.8369140625 0.40869140625 0.03125 0.1533203125
0 0.443603515625 0.41015625 0.00634765625 0.03125
0 0.4365234375 0.408203125 0.0078125 0.0390625
0 0.429443359375 0.40966796875 0.00634765625 0.0322265625
0 0.433349609375 0.40673828125 0.00927734375 0.0458984375
0 0.396484375 0.40869140625 0.005859375 0.0302734375
0 0.392333984375 0.41064453125 0.00537109375 0.0283203125
0 0.25732421875 0.39306640625 0.0126953125 0.0615234375
0 0.24169921875 0.40869140625 0.02734375 0.1337890625
0 0.25927734375 0.42822265625 0.025390625 0.1259765625
0 0.224609375 0.41064453125 0.033203125 0.1630859375
0 0.2724609375 0.41357421875 0.041015625 0.2021484375
0 0.305419921875 0.419921875 0.04052734375 0.19921875
0 0.614990234375 0.408203125 0.02587890625 0.126953125
0 0.5947265625 0.41943359375 0.0263671875 0.1318359375
0 0.595458984375 0.4169921875 0.02880859375 0.142578125
