0 0.613037109375 0.44482421875 0.00634765625 0.0126953125
0 0.530517578125 0.41552734375 0.00244140625 0.0126953125
0 0.532958984375 0.41748046875 0.00244140625 0.0146484375
0 0.544677734375 0.4287109375 0.00341796875 0.017578125
0 0.548583984375 0.4287109375 0.00439453125 0.021484375
0 0.55224609375 0.443359375 0.005859375 0.03125
0 0.557861328125 0.42431640625 0.00341796875 0.0185546875
0 0.560791015625 0.44482421875 0.00830078125 0.0400390625
0 0.56982421875 0.43896484375 0.0048828125 0.0263671875
0 0.572509765625 0.45166015625 0.00537109375 0.0283203125
0 0.602294921875 0.44873046875 0.00732421875 0.0361328125
0 0.62255859375 0.44140625 0.0107421875 0.052734375
0 0.6455078125 0.4443359375 0.01171875 0.05859375
0 0.66015625 0.44482421875 0.0107421875 0.0537109375
0 0.654052734375 0.4423828125 0.01220703125 0.060546875
0 0.635009765625 0.44189453125 0.01318359375 0.0654296875
0 0.670654296875 0.45068359375 0.00830078125 0.0439453125
0 0.67529296875 0.44384765625 0.01171875 0.0576171875
0 0.713623046875 0.4296875 0.01806640625 0.08984375
0 0.7197265625 0.42529296875 0.0244140625 0.1201171875
0 0.75927734375 0.431640625 0.021484375 0.107421875
0 0.7353515625 0.43212890625 0.0224609375 0.1103515625
0 0.747314453125 0.4248046875 0.03076171875 0.150390625
0 0.771240234375 0.4267578125 0.02880859375 0.140625
0 0.79443359375 0.4228515625 0.029296875 0.14453125
0 0.986572265625 0.43994140625 0.02587890625 0.1689453125
0 0.505126953125 0.419921875 0.00341796875 0.015625
0 0.4765625 0.4384765625 0.005859375 0.02734375
0 0.43212890625 0.4462890625 0.005859375 0.029296875
0 0.417724609375 0.44189453125 0.00927734375 0.0458984375
0 0.42333984375 0.4404296875 0.0107421875 0.0546875
0 0.412353515625 0.43994140625 0.01025390625 0.0498046875
0 0.40625 0.43701171875 0.0126953125 0.0615234375
0 0.394287109375 0.43896484375 0.01123046875 0.0556640625
0 0.375732421875 0.439453125 0.01025390625 0.05078125
0 0.23779296875 0.43408203125 0.0244140625 0.1220703125
0 0.17919921875 0.43994140625 0.0244140625 0.1181640625
0 0.22607421875 0.4228515625 0.0322265625 0.16015625
0 0.191650390625 0.41943359375 0.03173828125 0.1552734375
0 0.170166015625 0.42333984375 0.03076171875 0.1513671875
0 0.158447265625 0.4384765625 0.04638671875 0.228515625
0 0.121337890625 0.42626953125 0.04833984375 0.2373046875
0 0.0771484375 0.42822265625 0.0458984375 0.2255859375
0 0.0380859375 0.4912109375 0.07421875 0.36328125
0 0.9794921875 0.4296875 0.0400390625 0.1953125
0 0.20361328125 0.41650390625 0.0380859375 0.1884765625
0 0.38037109375 0.44189453125 0.0087890625 0.0458984375
0 0.567626953125 0.453125 0.00537109375 0.02734375
0 0.591796875 0.41943359375 0.0146484375 0.0732421875
