0 0.453857421875 0.4326171875 0.01220703125 0.0625
0 0.46826171875 0.43212890625 0.01171875 0.0556640625
0 0.658935546875 0.41162109375 0.00439453125 0.0224609375
0 0.56689453125 0.43310546875 0.0126953125 0.0634765625
0 0.615478515625 0.43798828125 0.01416015625 0.0712890625
0 0.666015625 0.4384765625 0.0107421875 0.052734375
0 0.68212890625 0.4267578125 0.0126953125 0.064453125
0 0.68896484375 0.4248046875 0.0146484375 0.072265625
0 0.70751953125 0.42724609375 0.017578125 0.0888671875
0 0.697265625 0.4296875 0.015625 0.076171875
0 0.719482421875 0.43408203125 0.01416015625 0.0712890625
0 0.890869140625 0.439453125 0.05224609375 0.2578125
