0 0.257080078125 0.4189453125 0.05322265625 0.259765625
0 0.234375 0.431640625 0.044921875 0.220703125
0 0.16455078125 0.40771484375 0.017578125 0.0869140625
0 0.104736328125 0.42578125 0.02587890625 0.126953125
0 0.086669921875 0.421875 0.02685546875 0.1328125
0 0.0068359375 0.41748046875 0.013671875 0.1298828125
0 0.0390625 0.41259765625 0.02734375 0.1337890625
0 0.1337890625 0.42529296875 0.02734375 0.1357421875
0 0.0810546875 0.41943359375 0.01953125 0.0654296875
0 0.091552734375 0.40673828125 0.02294921875 0.0615234375
0 0.113525390625 0.42236328125 0.02685546875 0.1337890625
0 0.093505859375 0.44287109375 0.03857421875 0.1162109375
