0 0.45849609375 0.416015625 0.0078125 0.041015625
0 0.45263671875 0.412109375 0.009765625 0.05078125
0 0.442626953125 0.40869140625 0.01123046875 0.0556640625
0 0.414794921875 0.4150390625 0.00634765625 0.03125
0 0.388427734375 0.4169921875 0.01318359375 0.06640625
0 0.24755859375 0.3984375 0.0205078125 0.1015625
0 0.26171875 0.4111328125 0.03515625 0.173828125
0 0.015625 0.39111328125 0.017578125 0.0869140625
0 0.031005859375 0.3818359375 0.01904296875 0.091796875
0 0.465087890625 0.4150390625 0.01025390625 0.052734375
0 0.2060546875 0.41015625 0.0224609375 0.111328125
0 0.02197265625 0.38134765625 0.0205078125 0.1005859375
0 0.04248046875 0.39794921875 0.0302734375 0.1474609375
0 0.06201171875 0.3994140625 0.029296875 0.14453125
0 0.198486328125 0.404296875 0.04248046875 0.20703125
0 0.23388671875 0.435546875 0.0517578125 0.255859375
0 0.4775390625 0.44921875 0.060546875 0.296875
0 0.618408203125 0.44921875 0.08154296875 0.3984375
0 0.622314453125 0.48046875 0.07666015625 0.375
0 0.529052734375 0.4697265625 0.10009765625 0.490234375
0 0.591552734375 0.5224609375 0.10595703125 0.51953125
0 0.669677734375 0.43212890625 0.01611328125 0.0810546875
0 0.695068359375 0.4267578125 0.01904296875 0.09375
0 0.6875 0.42822265625 0.021484375 0.1044921875
0 0.149169921875 0.48193359375 0.07958984375 0.3896484375
0 0.8515625 0.4677734375 0.0791015625 0.38671875
0 0.8408203125 0.48779296875 0.0771484375 0.3779296875
0 0.771240234375 0.49951171875 0.13525390625 0.6611328125
0 0.9736328125 0.49462890625 0.0517578125 0.4365234375
0 0.9619140625 0.517578125 0.0751953125 0.421875
0 0.294921875 0.4990234375 0.1083984375 0.529296875
