0 0.45556640625 0.345703125 0.005859375 0.03125
0 0.522216796875 0.34814453125 0.00927734375 0.0458984375
0 0.52783203125 0.3466796875 0.009765625 0.048828125
0 0.53759765625 0.34619140625 0.0078125 0.0400390625
0 0.53125 0.3486328125 0.0087890625 0.044921875
0 0.595458984375 0.34765625 0.01123046875 0.0546875
0 0.609130859375 0.3837890625 0.03466796875 0.169921875
0 0.629638671875 0.39404296875 0.03271484375 0.1630859375
0 0.6591796875 0.3974609375 0.0302734375 0.150390625
0 0.675537109375 0.38623046875 0.03857421875 0.1884765625
0 0.69970703125 0.38818359375 0.03125 0.1533203125
0 0.704833984375 0.39306640625 0.03564453125 0.1748046875
0 0.73486328125 0.38818359375 0.037109375 0.1826171875
0 0.766357421875 0.38623046875 0.03369140625 0.1650390625
0 0.785888671875 0.39111328125 0.03271484375 0.1591796875
0 0.892578125 0.38916015625 0.056640625 0.2763671875
