0 0.54345703125 0.42333984375 0.0068359375 0.0361328125
0 0.53564453125 0.42822265625 0.005859375 0.0302734375
0 0.53125 0.43115234375 0.009765625 0.0498046875
0 0.661865234375 0.408203125 0.01611328125 0.080078125
0 0.584228515625 0.42138671875 0.02197265625 0.1103515625
0 0.670654296875 0.4140625 0.01904296875 0.095703125
0 0.682861328125 0.4189453125 0.03369140625 0.1640625
0 0.716796875 0.408203125 0.0361328125 0.17578125
0 0.72021484375 0.42138671875 0.0380859375 0.1865234375
0 0.7763671875 0.42333984375 0.0400390625 0.1982421875
