0 0.76416015625 0.4140625 0.01953125 0.095703125
0 0.258056640625 0.42626953125 0.02880859375 0.1416015625
0 0.2451171875 0.42919921875 0.02734375 0.1357421875
0 0.404052734375 0.39208984375 0.00830078125 0.0419921875
0 0.417236328125 0.39501953125 0.01025390625 0.0498046875
0 0.427001953125 0.3974609375 0.00927734375 0.046875
0 0.437255859375 0.39599609375 0.00927734375 0.0458984375
0 0.43408203125 0.39990234375 0.0087890625 0.0439453125
0 0.463623046875 0.40087890625 0.01025390625 0.0498046875
0 0.5791015625 0.4150390625 0.01953125 0.09765625
