0 0.4541015625 0.3251953125 0.00390625 0.01953125
0 0.46044921875 0.3251953125 0.00390625 0.021484375
0 0.46533203125 0.322265625 0.0029296875 0.015625
0 0.46826171875 0.3203125 0.00390625 0.021484375
0 0.470703125 0.32275390625 0.00390625 0.0224609375
0 0.490478515625 0.32275390625 0.00341796875 0.0185546875
0 0.48779296875 0.32275390625 0.00390625 0.0185546875
0 0.5322265625 0.34033203125 0.0078125 0.0400390625
0 0.543701171875 0.33935546875 0.00830078125 0.0419921875
0 0.53759765625 0.3466796875 0.0087890625 0.044921875
0 0.56298828125 0.3408203125 0.0107421875 0.052734375
0 0.572021484375 0.35009765625 0.01025390625 0.0517578125
0 0.587158203125 0.3486328125 0.01123046875 0.056640625
0 0.82080078125 0.4375 0.0439453125 0.21484375
0 0.829833984375 0.4306640625 0.05322265625 0.26171875
0 0.8583984375 0.46435546875 0.037109375 0.1826171875
0 0.42626953125 0.3291015625 0.0068359375 0.033203125
0 0.42236328125 0.33203125 0.005859375 0.029296875
0 0.302978515625 0.349609375 0.01123046875 0.0546875
0 0.287353515625 0.35888671875 0.01025390625 0.0537109375
0 0.26513671875 0.36328125 0.01171875 0.05859375
0 0.274658203125 0.35986328125 0.01513671875 0.0751953125
0 0.252197265625 0.3662109375 0.01025390625 0.052734375
0 0.23486328125 0.36767578125 0.0146484375 0.0732421875
0 0.08984375 0.36669921875 0.0185546875 0.0927734375
0 0.152099609375 0.39208984375 0.02685546875 0.1318359375
0 0.097412109375 0.3642578125 0.01318359375 0.06640625
0 0.119873046875 0.3935546875 0.02490234375 0.125
0 0.011474609375 0.3974609375 0.02294921875 0.201171875
0 0.30810546875 0.35107421875 0.0107421875 0.0537109375
