0 0.331787109375 0.44287109375 0.01904296875 0.0947265625
0 0.350341796875 0.43603515625 0.01904296875 0.0927734375
0 0.6005859375 0.4423828125 0.009765625 0.048828125
0 0.59033203125 0.4423828125 0.009765625 0.046875
0 0.5166015625 0.44482421875 0.0068359375 0.0322265625
0 0.535888671875 0.4423828125 0.00830078125 0.041015625
0 0.523193359375 0.443359375 0.00830078125 0.041015625
0 0.491943359375 0.4482421875 0.00634765625 0.03125
0 0.42822265625 0.4345703125 0.017578125 0.087890625
0 0.239501953125 0.427734375 0.05224609375 0.255859375
0 0.651123046875 0.4326171875 0.01708984375 0.0859375
0 0.687255859375 0.43408203125 0.01708984375 0.0830078125
0 0.768310546875 0.42578125 0.01904296875 0.09375
0 0.751953125 0.4189453125 0.0283203125 0.140625
0 0.923095703125 0.4228515625 0.04052734375 0.19921875
0 0.947021484375 0.42431640625 0.04248046875 0.2080078125
0 0.986083984375 0.42138671875 0.02685546875 0.2255859375
0 0.955322265625 0.43798828125 0.04345703125 0.2138671875
0 0.911376953125 0.4267578125 0.04833984375 0.23828125
