0 0.1240234375 0.3701171875 0.0068359375 0.033203125
0 0.080810546875 0.3623046875 0.00927734375 0.046875
0 0.085693359375 0.36474609375 0.00830078125 0.0419921875
0 0.11572265625 0.3681640625 0.0078125 0.0390625
0 0.192626953125 0.3701171875 0.00634765625 0.033203125
0 0.093994140625 0.36572265625 0.00830078125 0.0439453125
0 0.50146484375 0.37890625 0.0078125 0.041015625
0 0.498046875 0.3798828125 0.0087890625 0.04296875
0 0.39501953125 0.39990234375 0.02734375 0.1337890625
0 0.41357421875 0.39892578125 0.029296875 0.1455078125
0 0.284912109375 0.373046875 0.00732421875 0.037109375
0 0.754638671875 0.412109375 0.02880859375 0.140625
0 0.73486328125 0.4169921875 0.0283203125 0.140625
