0 0.086181640625 0.37255859375 0.01318359375 0.0263671875
0 0.099609375 0.38427734375 0.017578125 0.0458984375
0 0.081298828125 0.38671875 0.02783203125 0.041015625
0 0.053466796875 0.38671875 0.01513671875 0.04296875
0 0.03515625 0.38623046875 0.0234375 0.0439453125
0 0.03857421875 0.38720703125 0.02734375 0.0419921875
0 0.910400390625 0.43896484375 0.01904296875 0.0947265625
0 0.898681640625 0.4404296875 0.02099609375 0.103515625
0 0.4482421875 0.4033203125 0.0224609375 0.111328125
0 0.517333984375 0.40869140625 0.02099609375 0.1025390625
