0 0.168212890625 0.42236328125 0.01806640625 0.0908203125
0 0.1865234375 0.42041015625 0.021484375 0.1064453125
0 0.2119140625 0.42236328125 0.0205078125 0.1025390625
0 0.219482421875 0.41748046875 0.02294921875 0.1123046875
0 0.25146484375 0.4326171875 0.046875 0.23046875
0 0.27685546875 0.4169921875 0.0185546875 0.091796875
0 0.289306640625 0.41943359375 0.01708984375 0.0849609375
0 0.30517578125 0.44091796875 0.0390625 0.1904296875
0 0.4990234375 0.43603515625 0.0302734375 0.1494140625
0 0.475341796875 0.42919921875 0.03955078125 0.1943359375
0 0.510498046875 0.41162109375 0.04150390625 0.2041015625
0 0.50732421875 0.4521484375 0.0302734375 0.1484375
0 0.53173828125 0.4365234375 0.0439453125 0.216796875
0 0.571044921875 0.43115234375 0.04541015625 0.2216796875
0 0.960693359375 0.47900390625 0.07763671875 0.6884765625
