0 0.0078125 0.4638671875 0.015625 0.12109375
0 0.157958984375 0.4599609375 0.03857421875 0.19140625
0 0.480224609375 0.4501953125 0.02197265625 0.109375
0 0.488037109375 0.45703125 0.01904296875 0.09375
0 0.6953125 0.4375 0.0068359375 0.021484375
0 0.710693359375 0.4345703125 0.00927734375 0.025390625
0 0.882568359375 0.43310546875 0.01025390625 0.0517578125
0 0.89013671875 0.43505859375 0.0087890625 0.0419921875
0 0.9912109375 0.4296875 0.0068359375 0.033203125
0 0.95556640625 0.435546875 0.0625 0.306640625
0 0.94091796875 0.4521484375 0.0576171875 0.28125
0 0.58544921875 0.47802734375 0.0673828125 0.3291015625
0 0.665771484375 0.49609375 0.07861328125 0.38671875
0 0.982421875 0.42919921875 0.0068359375 0.0263671875
