0 0.340576171875 0.443359375 0.07275390625 0.357421875
0 0.392333984375 0.44482421875 0.06591796875 0.3232421875
0 0.362060546875 0.45458984375 0.07763671875 0.3798828125
0 0.43359375 0.4443359375 0.0693359375 0.33984375
0 0.80029296875 0.42626953125 0.0244140625 0.1181640625
0 0.730224609375 0.4638671875 0.04345703125 0.212890625
0 0.96142578125 0.4111328125 0.0205078125 0.1015625
0 0.946044921875 0.41796875 0.01806640625 0.087890625
0 0.92333984375 0.4248046875 0.0263671875 0.130859375
0 0.230224609375 0.41748046875 0.00537109375 0.0283203125
0 0.223876953125 0.40869140625 0.00830078125 0.0439453125
0 0.482177734375 0.45361328125 0.06884765625 0.3349609375
