0 0.170654296875 0.3515625 0.04443359375 0.21875
0 0.388427734375 0.34765625 0.01123046875 0.0546875
0 0.383056640625 0.35205078125 0.01806640625 0.0908203125
0 0.39990234375 0.35595703125 0.015625 0.0771484375
0 0.451904296875 0.353515625 0.00439453125 0.0234375
0 0.457763671875 0.35498046875 0.00341796875 0.0205078125
0 0.46630859375 0.3525390625 0.00390625 0.021484375
0 0.553955078125 0.34423828125 0.01123046875 0.0556640625
0 0.63330078125 0.345703125 0.01953125 0.095703125
0 0.66162109375 0.3486328125 0.017578125 0.0859375
0 0.658935546875 0.35888671875 0.02880859375 0.1416015625
0 0.567138671875 0.36865234375 0.02783203125 0.1376953125
0 0.544189453125 0.35205078125 0.03173828125 0.1552734375
0 0.51904296875 0.359375 0.0302734375 0.1484375
0 0.4140625 0.3515625 0.0107421875 0.0546875
0 0.44482421875 0.3505859375 0.013671875 0.068359375
0 0.368408203125 0.37158203125 0.02587890625 0.1279296875
0 0.323486328125 0.3583984375 0.02880859375 0.142578125
0 0.21142578125 0.36083984375 0.04296875 0.2099609375
0 0.02392578125 0.37451171875 0.0478515625 0.2958984375
0 0.072021484375 0.3720703125 0.06396484375 0.3125
0 0.775634765625 0.36767578125 0.04345703125 0.2138671875
0 0.73681640625 0.37451171875 0.0419921875 0.2041015625
0 0.83642578125 0.365234375 0.05078125 0.25
0 0.880615234375 0.3603515625 0.05322265625 0.259765625
0 0.6162109375 0.3515625 0.0166015625 0.08203125
0 0.4326171875 0.34912109375 0.013671875 0.0693359375
0 0.2568359375 0.3603515625 0.029296875 0.142578125
0 0.50830078125 0.35205078125 0.01171875 0.0322265625
0 0.575439453125 0.326171875 0.00341796875 0.0234375
0 0.583740234375 0.33056640625 0.00830078125 0.0322265625
0 0.625244140625 0.3291015625 0.00830078125 0.03515625
0 0.62548828125 0.3642578125 0.0078125 0.03125
