0 0.495361328125 0.42431640625 0.00830078125 0.0419921875
0 0.489013671875 0.421875 0.00927734375 0.046875
0 0.466064453125 0.41064453125 0.01513671875 0.0751953125
0 0.44873046875 0.4345703125 0.0048828125 0.025390625
0 0.453857421875 0.43310546875 0.00537109375 0.0283203125
0 0.44482421875 0.431640625 0.0068359375 0.03515625
0 0.4384765625 0.43505859375 0.0048828125 0.0263671875
0 0.41162109375 0.41845703125 0.013671875 0.0693359375
0 0.405517578125 0.41796875 0.01416015625 0.072265625
0 0.4189453125 0.41650390625 0.01171875 0.0576171875
0 0.403076171875 0.4169921875 0.01611328125 0.080078125
0 0.378662109375 0.4228515625 0.01416015625 0.0703125
0 0.367919921875 0.42724609375 0.01123046875 0.0556640625
0 0.357177734375 0.4287109375 0.01025390625 0.052734375
0 0.349609375 0.42236328125 0.013671875 0.0673828125
0 0.341064453125 0.4326171875 0.00927734375 0.046875
0 0.32373046875 0.4248046875 0.0126953125 0.064453125
0 0.312255859375 0.41943359375 0.01513671875 0.0751953125
0 0.187744140625 0.4130859375 0.01025390625 0.052734375
0 0.124755859375 0.4169921875 0.00732421875 0.037109375
0 0.146484375 0.4169921875 0.0126953125 0.0625
0 0.571533203125 0.40673828125 0.01318359375 0.0654296875
0 0.62353515625 0.4052734375 0.013671875 0.068359375
0 0.622802734375 0.40966796875 0.01318359375 0.0654296875
0 0.6064453125 0.404296875 0.015625 0.078125
0 0.604736328125 0.423828125 0.01416015625 0.0703125
0 0.599853515625 0.41357421875 0.02001953125 0.0986328125
0 0.61328125 0.41357421875 0.017578125 0.0849609375
0 0.642578125 0.41357421875 0.01953125 0.0947265625
0 0.634033203125 0.416015625 0.02001953125 0.099609375
0 0.650634765625 0.41162109375 0.02099609375 0.1044921875
0 0.702392578125 0.40478515625 0.01513671875 0.0751953125
0 0.690673828125 0.404296875 0.01708984375 0.083984375
0 0.697998046875 0.40576171875 0.01708984375 0.0849609375
0 0.77587890625 0.4326171875 0.0390625 0.193359375
0 0.97314453125 0.45654296875 0.052734375 0.3505859375
0 0.8193359375 0.44091796875 0.0458984375 0.2275390625
0 0.8037109375 0.43701171875 0.0546875 0.2685546875
0 0.890380859375 0.43505859375 0.04931640625 0.2412109375
0 0.9169921875 0.4453125 0.0830078125 0.40625
0 0.9580078125 0.4482421875 0.0830078125 0.443359375
0 0.335205078125 0.43310546875 0.00927734375 0.0478515625
0 0.39111328125 0.4169921875 0.0224609375 0.109375
0 0.428955078125 0.4189453125 0.02294921875 0.11328125
0 0.458984375 0.4326171875 0.0078125 0.033203125
0 0.583251953125 0.40283203125 0.01318359375 0.0419921875
0 0.70947265625 0.40283203125 0.013671875 0.0927734375
