0 0.88916015625 0.39404296875 0.029296875 0.1435546875
0 0.418701171875 0.4130859375 0.01416015625 0.0703125
0 0.424560546875 0.40087890625 0.00830078125 0.0419921875
0 0.454833984375 0.40380859375 0.00830078125 0.0400390625
0 0.48876953125 0.3876953125 0.005859375 0.01171875
0 0.474853515625 0.40966796875 0.02001953125 0.0986328125
0 0.9521484375 0.408203125 0.04296875 0.208984375
0 0.85302734375 0.40380859375 0.0244140625 0.1220703125
0 0.523193359375 0.3798828125 0.01123046875 0.03515625
0 0.5224609375 0.45654296875 0.0029296875 0.0068359375
0 0.528076171875 0.45263671875 0.00439453125 0.0087890625
