0 0.147216796875 0.39208984375 0.00830078125 0.0439453125
0 0.272216796875 0.40625 0.02490234375 0.123046875
0 0.24560546875 0.40478515625 0.0126953125 0.0634765625
0 0.233642578125 0.41748046875 0.02978515625 0.1455078125
0 0.33203125 0.40869140625 0.02734375 0.1357421875
0 0.318359375 0.4365234375 0.0419921875 0.20703125
0 0.479736328125 0.4228515625 0.02880859375 0.142578125
0 0.4921875 0.4287109375 0.0322265625 0.158203125
0 0.54345703125 0.416015625 0.025390625 0.125
0 0.523681640625 0.4140625 0.02685546875 0.1328125
0 0.65234375 0.419921875 0.025390625 0.126953125
0 0.5849609375 0.43701171875 0.0224609375 0.1103515625
0 0.62548828125 0.4111328125 0.033203125 0.1640625
0 0.76513671875 0.412109375 0.0537109375 0.263671875
0 0.837890625 0.41015625 0.052734375 0.259765625
0 0.97216796875 0.4482421875 0.0546875 0.51953125
0 0.125244140625 0.4287109375 0.03466796875 0.169921875
