0 0.6630859375 0.43017578125 0.01953125 0.0986328125
0 0.647216796875 0.43017578125 0.02001953125 0.0986328125
0 0.631103515625 0.4326171875 0.00830078125 0.041015625
0 0.60302734375 0.435546875 0.0078125 0.041015625
0 0.59765625 0.43896484375 0.009765625 0.0478515625
0 0.584228515625 0.4375 0.01025390625 0.052734375
0 0.558837890625 0.44091796875 0.00927734375 0.0478515625
0 0.513671875 0.43994140625 0.009765625 0.0498046875
0 0.55029296875 0.43994140625 0.009765625 0.0478515625
0 0.537109375 0.439453125 0.021484375 0.107421875
0 0.535400390625 0.4365234375 0.02587890625 0.12890625
0 0.60986328125 0.4287109375 0.037109375 0.18359375
0 0.713134765625 0.4111328125 0.04345703125 0.212890625
0 0.69091796875 0.423828125 0.0537109375 0.265625
0 0.93701171875 0.38916015625 0.0341796875 0.1689453125
0 0.984375 0.40673828125 0.0302734375 0.1787109375
0 0.830078125 0.423828125 0.0458984375 0.224609375
0 0.81494140625 0.42529296875 0.05078125 0.2490234375
0 0.877197265625 0.42236328125 0.06005859375 0.2939453125
0 0.875244140625 0.43701171875 0.05615234375 0.2744140625
0 0.459716796875 0.44287109375 0.01123046875 0.0556640625
0 0.429443359375 0.44677734375 0.01318359375 0.0673828125
0 0.415771484375 0.4462890625 0.02783203125 0.138671875
0 0.38720703125 0.451171875 0.0283203125 0.140625
0 0.244140625 0.453125 0.0205078125 0.1015625
0 0.1728515625 0.47314453125 0.0263671875 0.1298828125
0 0.1943359375 0.44580078125 0.0380859375 0.1865234375
0 0.013427734375 0.45849609375 0.02490234375 0.1220703125
0 0.019775390625 0.45703125 0.02978515625 0.146484375
0 0.056396484375 0.47607421875 0.01904296875 0.0947265625
0 0.046142578125 0.4736328125 0.02099609375 0.103515625
0 0.079833984375 0.451171875 0.03076171875 0.15234375
0 0.261962890625 0.451171875 0.03369140625 0.1640625
0 0.302001953125 0.4501953125 0.03271484375 0.16015625
