0 0.070556640625 0.447265625 0.02880859375 0.140625
0 0.126220703125 0.45166015625 0.04248046875 0.2099609375
0 0.109375 0.4580078125 0.0419921875 0.205078125
0 0.56201171875 0.37646484375 0.00390625 0.0205078125
0 0.552734375 0.37841796875 0.0029296875 0.0166015625
0 0.556884765625 0.400390625 0.00732421875 0.0390625
0 0.559814453125 0.40625 0.01025390625 0.05078125
0 0.582275390625 0.40625 0.01220703125 0.060546875
0 0.589599609375 0.40625 0.01025390625 0.052734375
0 0.605224609375 0.400390625 0.01220703125 0.060546875
0 0.59619140625 0.41552734375 0.01171875 0.0595703125
0 0.5869140625 0.412109375 0.013671875 0.06640625
0 0.5703125 0.408203125 0.015625 0.078125
0 0.544677734375 0.42431640625 0.02197265625 0.1083984375
0 0.61962890625 0.400390625 0.0087890625 0.044921875
0 0.62353515625 0.40625 0.0146484375 0.072265625
0 0.62939453125 0.42236328125 0.017578125 0.0869140625
