0 0.049560546875 0.39501953125 0.00634765625 0.0322265625
0 0.054931640625 0.39404296875 0.00732421875 0.0341796875
0 0.068603515625 0.3916015625 0.00830078125 0.04296875
0 0.09375 0.396484375 0.0087890625 0.044921875
0 0.14501953125 0.39208984375 0.009765625 0.0517578125
0 0.241455078125 0.3896484375 0.00341796875 0.017578125
0 0.253173828125 0.3935546875 0.00732421875 0.037109375
0 0.260498046875 0.3935546875 0.00634765625 0.03515625
0 0.281005859375 0.39501953125 0.00634765625 0.0302734375
0 0.361572265625 0.384765625 0.01025390625 0.05078125
0 0.33349609375 0.38916015625 0.0078125 0.0126953125
0 0.343017578125 0.39111328125 0.00537109375 0.0087890625
0 0.3720703125 0.3828125 0.0107421875 0.052734375
0 0.39208984375 0.3837890625 0.009765625 0.05078125
0 0.421630859375 0.384765625 0.00927734375 0.046875
0 0.917724609375 0.3720703125 0.01806640625 0.087890625
0 0.92822265625 0.37353515625 0.017578125 0.0888671875
0 0.9560546875 0.3798828125 0.0302734375 0.146484375
0 0.27587890625 0.38916015625 0.015625 0.0771484375
0 0.29248046875 0.38818359375 0.015625 0.0771484375
0 0.168701171875 0.4013671875 0.03076171875 0.150390625
0 0.42041015625 0.3876953125 0.0087890625 0.044921875
0 0.298095703125 0.396484375 0.00048828125 0.001953125
0 0.3046875 0.384765625 0.01171875 0.015625
