0 0.701416015625 0.4287109375 0.03564453125 0.17578125
0 0.62646484375 0.42333984375 0.0244140625 0.1181640625
0 0.645751953125 0.42431640625 0.02392578125 0.1181640625
0 0.639404296875 0.44189453125 0.03173828125 0.1552734375
0 0.128662109375 0.40234375 0.00732421875 0.0390625
0 0.012451171875 0.431640625 0.01708984375 0.083984375
0 0.0078125 0.42578125 0.015625 0.09765625
0 0.3251953125 0.4267578125 0.013671875 0.068359375
0 0.333251953125 0.4189453125 0.01220703125 0.0625
0 0.291748046875 0.41259765625 0.01513671875 0.0771484375
0 0.288330078125 0.4208984375 0.01513671875 0.07421875
0 0.35595703125 0.421875 0.0126953125 0.064453125
0 0.349365234375 0.42626953125 0.01416015625 0.0712890625
0 0.39404296875 0.421875 0.015625 0.078125
0 0.382080078125 0.43359375 0.01123046875 0.056640625
0 0.415771484375 0.42138671875 0.01318359375 0.0654296875
0 0.4697265625 0.43115234375 0.0224609375 0.1123046875
0 0.791015625 0.431640625 0.0400390625 0.1953125
0 0.767822265625 0.4267578125 0.04248046875 0.208984375
