0 0.18359375 0.3779296875 0.0029296875 0.015625
0 0.85009765625 0.35888671875 0.0107421875 0.0244140625
0 0.12939453125 0.3662109375 0.0078125 0.0390625
0 0.019775390625 0.376953125 0.01806640625 0.08984375
0 0.083251953125 0.36767578125 0.01318359375 0.0673828125
0 0.119873046875 0.36669921875 0.00830078125 0.0400390625
0 0.1259765625 0.36669921875 0.0087890625 0.0419921875
0 0.13427734375 0.36669921875 0.0078125 0.0380859375
0 0.140380859375 0.3701171875 0.00537109375 0.029296875
0 0.144287109375 0.3671875 0.00830078125 0.0390625
0 0.149658203125 0.37060546875 0.00927734375 0.0478515625
0 0.15380859375 0.4150390625 0.0263671875 0.130859375
0 0.239990234375 0.36669921875 0.01416015625 0.0693359375
0 0.26025390625 0.3681640625 0.013671875 0.0703125
0 0.361083984375 0.4072265625 0.03173828125 0.15625
0 0.34765625 0.40625 0.03515625 0.171875
0 0.3671875 0.4345703125 0.025390625 0.126953125
0 0.664306640625 0.40478515625 0.03076171875 0.1533203125
0 0.806884765625 0.4287109375 0.05419921875 0.265625
0 0.87548828125 0.43701171875 0.0498046875 0.2451171875
0 0.914794921875 0.44189453125 0.04638671875 0.2275390625
0 0.703857421875 0.36669921875 0.01025390625 0.0517578125
0 0.698486328125 0.36474609375 0.01123046875 0.0576171875
0 0.19677734375 0.3798828125 0.001953125 0.01171875
