0 0.078369140625 0.4443359375 0.01123046875 0.056640625
0 0.10107421875 0.44189453125 0.0107421875 0.0537109375
0 0.0927734375 0.45263671875 0.013671875 0.0673828125
0 0.22412109375 0.46826171875 0.0234375 0.1181640625
0 0.21044921875 0.470703125 0.0244140625 0.119140625
0 0.087646484375 0.45068359375 0.01318359375 0.0654296875
0 0.082275390625 0.44921875 0.01220703125 0.060546875
0 0.0693359375 0.45458984375 0.0166015625 0.0830078125
0 0.029296875 0.453125 0.0166015625 0.08203125
0 0.0380859375 0.45849609375 0.015625 0.0791015625
0 0.0126953125 0.44970703125 0.0185546875 0.0927734375
0 0.510986328125 0.46484375 0.02294921875 0.111328125
0 0.549072265625 0.46142578125 0.02294921875 0.1142578125
0 0.572998046875 0.4638671875 0.02392578125 0.119140625
0 0.59326171875 0.46630859375 0.017578125 0.0869140625
