0 0.421875 0.38623046875 0.0068359375 0.0341796875
0 0.412841796875 0.38818359375 0.00634765625 0.0302734375
0 0.435791015625 0.39453125 0.00341796875 0.017578125
0 0.461669921875 0.38623046875 0.00537109375 0.0263671875
0 0.512451171875 0.39111328125 0.01025390625 0.0517578125
0 0.523681640625 0.39208984375 0.00732421875 0.0400390625
0 0.53955078125 0.392578125 0.009765625 0.048828125
0 0.620361328125 0.3837890625 0.00830078125 0.04296875
0 0.772705078125 0.37255859375 0.00732421875 0.0380859375
0 0.773193359375 0.373046875 0.00927734375 0.044921875
0 0.788818359375 0.3955078125 0.02197265625 0.107421875
0 0.798095703125 0.39697265625 0.02392578125 0.1181640625
0 0.580810546875 0.400390625 0.01416015625 0.0703125
0 0.474609375 0.41064453125 0.013671875 0.0673828125
0 0.451171875 0.40966796875 0.0146484375 0.0732421875
0 0.443115234375 0.41455078125 0.01318359375 0.0673828125
0 0.3876953125 0.39794921875 0.0087890625 0.0458984375
0 0.270263671875 0.40771484375 0.01025390625 0.0517578125
0 0.24951171875 0.4169921875 0.01953125 0.095703125
0 0.131103515625 0.43505859375 0.02392578125 0.1201171875
0 0.145263671875 0.43359375 0.02490234375 0.123046875
0 0.602294921875 0.3955078125 0.01025390625 0.05078125
