0 0.017578125 0.3701171875 0.009765625 0.048828125
0 0.005859375 0.369140625 0.0107421875 0.052734375
0 0.48681640625 0.3916015625 0.0146484375 0.07421875
0 0.474853515625 0.392578125 0.01806640625 0.08984375
0 0.53125 0.3955078125 0.0205078125 0.099609375
0 0.553955078125 0.396484375 0.02001953125 0.099609375
0 0.57763671875 0.3974609375 0.0185546875 0.09375
0 0.5712890625 0.4013671875 0.025390625 0.125
0 0.5947265625 0.40478515625 0.01953125 0.0986328125
0 0.602783203125 0.3935546875 0.01611328125 0.080078125
0 0.707763671875 0.41650390625 0.02685546875 0.1318359375
0 0.7685546875 0.423828125 0.0224609375 0.111328125
0 0.04833984375 0.3994140625 0.0517578125 0.25390625
0 0.0908203125 0.39208984375 0.052734375 0.2587890625
