0 0.887939453125 0.34375 0.00634765625 0.03125
0 0.89111328125 0.34228515625 0.0068359375 0.0341796875
0 0.878173828125 0.345703125 0.00732421875 0.0390625
0 0.873046875 0.35888671875 0.015625 0.0751953125
0 0.866455078125 0.35986328125 0.01416015625 0.0693359375
0 0.86962890625 0.36181640625 0.0166015625 0.0830078125
0 0.89404296875 0.35791015625 0.013671875 0.0673828125
0 0.83544921875 0.35302734375 0.0126953125 0.0654296875
0 0.820068359375 0.36181640625 0.01611328125 0.0791015625
0 0.84521484375 0.36279296875 0.037109375 0.1826171875
0 0.765869140625 0.3623046875 0.02392578125 0.1171875
0 0.738525390625 0.36328125 0.02099609375 0.103515625
0 0.634033203125 0.35791015625 0.03955078125 0.1943359375
0 0.471435546875 0.3583984375 0.03564453125 0.17578125
0 0.474609375 0.3701171875 0.0341796875 0.16796875
0 0.347412109375 0.408203125 0.05615234375 0.2734375
0 0.280029296875 0.40234375 0.05615234375 0.275390625
