0 0.545654296875 0.39599609375 0.01416015625 0.0712890625
0 0.516845703125 0.39599609375 0.00830078125 0.0400390625
0 0.509521484375 0.39697265625 0.01025390625 0.0517578125
0 0.526611328125 0.39892578125 0.00634765625 0.0322265625
0 0.5126953125 0.3974609375 0.0107421875 0.0546875
0 0.55712890625 0.392578125 0.0263671875 0.12890625
0 0.5390625 0.404296875 0.0234375 0.115234375
0 0.43359375 0.39013671875 0.0146484375 0.0732421875
0 0.45361328125 0.40087890625 0.025390625 0.1240234375
0 0.39208984375 0.41162109375 0.0234375 0.1162109375
0 0.370849609375 0.43798828125 0.03662109375 0.1240234375
0 0.3359375 0.388671875 0.01953125 0.09765625
0 0.3505859375 0.404296875 0.0419921875 0.205078125
0 0.485595703125 0.39501953125 0.01123046875 0.0576171875
0 0.494384765625 0.3955078125 0.01123046875 0.056640625
0 0.52099609375 0.3984375 0.0087890625 0.044921875
0 0.52734375 0.404296875 0.005859375 0.029296875
