0 0.504150390625 0.4052734375 0.00439453125 0.0234375
0 0.510009765625 0.40673828125 0.00537109375 0.0283203125
0 0.558349609375 0.404296875 0.00634765625 0.033203125
0 0.566650390625 0.40380859375 0.00732421875 0.0380859375
0 0.593994140625 0.40869140625 0.01025390625 0.0517578125
0 0.615234375 0.4052734375 0.0107421875 0.052734375
0 0.66650390625 0.400390625 0.01953125 0.095703125
0 0.7373046875 0.39990234375 0.025390625 0.1259765625
0 0.379150390625 0.4140625 0.00732421875 0.03515625
0 0.27734375 0.4345703125 0.0126953125 0.0625
0 0.264404296875 0.43603515625 0.01318359375 0.0654296875
