0 0.149658203125 0.43505859375 0.00537109375 0.0283203125
0 0.324462890625 0.423828125 0.00537109375 0.02734375
0 0.4208984375 0.43017578125 0.0126953125 0.0634765625
0 0.240966796875 0.44921875 0.03369140625 0.166015625
0 0.26904296875 0.453125 0.0322265625 0.158203125
0 0.412353515625 0.4287109375 0.01318359375 0.06640625
0 0.35986328125 0.43994140625 0.0185546875 0.0908203125
0 0.35302734375 0.44091796875 0.01953125 0.0966796875
0 0.398193359375 0.43212890625 0.01318359375 0.0654296875
0 0.41064453125 0.43359375 0.0126953125 0.0625
0 0.480224609375 0.4140625 0.00634765625 0.033203125
0 0.472900390625 0.40966796875 0.00732421875 0.0361328125
0 0.517578125 0.42138671875 0.0126953125 0.0654296875
0 0.402099609375 0.40576171875 0.00439453125 0.0087890625
0 0.403076171875 0.44775390625 0.00439453125 0.0283203125
0 0.40478515625 0.4248046875 0.0 0.001953125
0 0.495849609375 0.4111328125 0.00732421875 0.029296875
