0 0.40673828125 0.4111328125 0.009765625 0.05078125
0 0.4130859375 0.41162109375 0.0107421875 0.0537109375
0 0.44921875 0.41064453125 0.0107421875 0.0537109375
0 0.4482421875 0.4091796875 0.0107421875 0.0546875
0 0.455078125 0.41162109375 0.0087890625 0.0458984375
0 0.4599609375 0.4091796875 0.009765625 0.05078125
0 0.464599609375 0.40673828125 0.01025390625 0.0517578125
0 0.468505859375 0.408203125 0.01025390625 0.052734375
0 0.6826171875 0.4287109375 0.029296875 0.142578125
0 0.4521484375 0.41455078125 0.01171875 0.0576171875
0 0.660400390625 0.4189453125 0.02490234375 0.123046875
0 0.673583984375 0.4287109375 0.02587890625 0.12890625
0 0.5595703125 0.4130859375 0.0078125 0.0390625
0 0.569091796875 0.4140625 0.01123046875 0.056640625
0 0.580078125 0.41015625 0.0087890625 0.044921875
0 0.58740234375 0.41064453125 0.0087890625 0.0439453125
0 0.74267578125 0.42529296875 0.029296875 0.1455078125
0 0.593017578125 0.4111328125 0.01123046875 0.056640625
0 0.600830078125 0.41259765625 0.01123046875 0.0576171875
0 0.615966796875 0.42041015625 0.01904296875 0.0927734375
0 0.669677734375 0.43212890625 0.02880859375 0.1416015625
0 0.64501953125 0.43505859375 0.033203125 0.1630859375
0 0.734619140625 0.43017578125 0.03076171875 0.1513671875
0 0.705322265625 0.42822265625 0.03271484375 0.1611328125
0 0.689453125 0.42236328125 0.0361328125 0.1787109375
0 0.71337890625 0.4326171875 0.029296875 0.142578125
0 0.7548828125 0.43505859375 0.03125 0.1533203125
0 0.727294921875 0.42529296875 0.03369140625 0.1650390625
0 0.775634765625 0.4267578125 0.03564453125 0.17578125
0 0.316650390625 0.41943359375 0.02490234375 0.1240234375
0 0.344482421875 0.42138671875 0.02197265625 0.1103515625
0 0.4091796875 0.41064453125 0.009765625 0.0498046875
