0 0.6044921875 0.462890625 0.009765625 0.048828125
0 0.64306640625 0.4638671875 0.0087890625 0.044921875
0 0.30712890625 0.48193359375 0.0224609375 0.1123046875
0 0.33056640625 0.48193359375 0.0244140625 0.1201171875
0 0.611572265625 0.46484375 0.00927734375 0.046875
0 0.617919921875 0.46337890625 0.01025390625 0.0517578125
0 0.622802734375 0.46240234375 0.01025390625 0.0517578125
0 0.63134765625 0.462890625 0.009765625 0.048828125
0 0.6259765625 0.4658203125 0.0126953125 0.0625
0 0.633544921875 0.46728515625 0.01220703125 0.0595703125
0 0.645751953125 0.462890625 0.00927734375 0.046875
