0 0.829345703125 0.40234375 0.02880859375 0.142578125
0 0.7333984375 0.40087890625 0.0166015625 0.0830078125
0 0.956298828125 0.39990234375 0.00830078125 0.0966796875
0 0.9609375 0.3896484375 0.0244140625 0.12109375
0 0.97119140625 0.3916015625 0.0234375 0.1171875
0 0.948486328125 0.3935546875 0.02294921875 0.11328125
0 0.933349609375 0.390625 0.01904296875 0.076171875
0 0.93212890625 0.40234375 0.0302734375 0.095703125
0 0.922607421875 0.42529296875 0.01318359375 0.0517578125
0 0.9111328125 0.40380859375 0.0244140625 0.0966796875
0 0.911376953125 0.3984375 0.02490234375 0.123046875
0 0.617919921875 0.419921875 0.04052734375 0.19921875
