0 0.276123046875 0.43505859375 0.00537109375 0.0283203125
0 0.282470703125 0.43115234375 0.00732421875 0.0380859375
0 0.2998046875 0.4326171875 0.005859375 0.015625
0 0.3173828125 0.4287109375 0.0068359375 0.017578125
0 0.46435546875 0.41259765625 0.009765625 0.0498046875
0 0.4560546875 0.41552734375 0.0107421875 0.0537109375
0 0.466064453125 0.41455078125 0.00927734375 0.0478515625
0 0.679443359375 0.36328125 0.03369140625 0.166015625
0 0.228271484375 0.4384765625 0.00439453125 0.0234375
0 0.232666015625 0.43896484375 0.00537109375 0.0283203125
