0 0.662841796875 0.39208984375 0.01904296875 0.0947265625
0 0.277587890625 0.38916015625 0.01318359375 0.0654296875
0 0.262451171875 0.38623046875 0.01318359375 0.0654296875
0 0.322265625 0.392578125 0.0166015625 0.080078125
0 0.29736328125 0.3916015625 0.0126953125 0.0625
0 0.260986328125 0.39208984375 0.01220703125 0.0595703125
0 0.384033203125 0.3876953125 0.01416015625 0.072265625
0 0.270751953125 0.3896484375 0.01220703125 0.0625
0 0.40234375 0.40234375 0.017578125 0.0859375
0 0.232177734375 0.44140625 0.04443359375 0.216796875
0 0.15283203125 0.42724609375 0.0400390625 0.1982421875
0 0.354248046875 0.4013671875 0.02392578125 0.1171875
0 0.376708984375 0.3955078125 0.02099609375 0.1015625
0 0.370849609375 0.400390625 0.01806640625 0.091796875
0 0.771240234375 0.36376953125 0.00537109375 0.0283203125
0 0.346435546875 0.4072265625 0.02099609375 0.103515625
0 0.54931640625 0.39892578125 0.0087890625 0.0439453125
0 0.55078125 0.4072265625 0.0078125 0.0390625
0 0.560546875 0.40478515625 0.0107421875 0.0537109375
0 0.55419921875 0.40380859375 0.009765625 0.0498046875
0 0.58642578125 0.40576171875 0.021484375 0.1064453125
0 0.575439453125 0.412109375 0.02587890625 0.12890625
0 0.604248046875 0.41162109375 0.02587890625 0.1259765625
0 0.633544921875 0.40185546875 0.02490234375 0.1220703125
0 0.63134765625 0.40625 0.02734375 0.134765625
0 0.653076171875 0.4052734375 0.02490234375 0.12109375
0 0.670654296875 0.40625 0.02490234375 0.12109375
0 0.68896484375 0.3984375 0.025390625 0.125
0 0.78759765625 0.39013671875 0.02734375 0.1337890625
0 0.693359375 0.40625 0.0185546875 0.091796875
0 0.7041015625 0.38525390625 0.0166015625 0.0830078125
0 0.709716796875 0.41259765625 0.02490234375 0.1240234375
0 0.71435546875 0.40576171875 0.02734375 0.1337890625
0 0.41455078125 0.40185546875 0.0185546875 0.0908203125
0 0.391845703125 0.4013671875 0.02294921875 0.11328125
0 0.450439453125 0.40283203125 0.01220703125 0.0400390625
0 0.730224609375 0.37646484375 0.02685546875 0.0751953125
