0 0.559814453125 0.34228515625 0.01318359375 0.0654296875
0 0.552490234375 0.3427734375 0.01416015625 0.072265625
0 0.57421875 0.34423828125 0.015625 0.0771484375
0 0.565673828125 0.34521484375 0.01513671875 0.0751953125
0 0.30712890625 0.3671875 0.0458984375 0.224609375
0 0.3037109375 0.4052734375 0.037109375 0.181640625
0 0.361572265625 0.38134765625 0.04248046875 0.2080078125
0 0.35546875 0.390625 0.044921875 0.21875
0 0.696533203125 0.4208984375 0.04638671875 0.2265625
0 0.7607421875 0.3984375 0.048828125 0.240234375
