0 0.677734375 0.42236328125 0.0107421875 0.0556640625
0 0.706298828125 0.4296875 0.02197265625 0.107421875
0 0.701904296875 0.421875 0.02685546875 0.1328125
0 0.73876953125 0.4130859375 0.029296875 0.142578125
0 0.72607421875 0.4208984375 0.0263671875 0.130859375
0 0.764892578125 0.42041015625 0.02490234375 0.1220703125
0 0.757568359375 0.41845703125 0.02587890625 0.1279296875
0 0.750732421875 0.41162109375 0.03662109375 0.1806640625
0 0.7861328125 0.419921875 0.0234375 0.1171875
0 0.81201171875 0.40380859375 0.0390625 0.1904296875
0 0.811279296875 0.3984375 0.04248046875 0.208984375
0 0.623779296875 0.42822265625 0.02392578125 0.1162109375
0 0.64501953125 0.42236328125 0.0283203125 0.1396484375
0 0.6611328125 0.42822265625 0.0244140625 0.1201171875
0 0.624755859375 0.42529296875 0.02783203125 0.1357421875
0 0.594970703125 0.4296875 0.02392578125 0.1171875
0 0.582275390625 0.4248046875 0.02685546875 0.130859375
0 0.59619140625 0.42919921875 0.0283203125 0.1376953125
0 0.547607421875 0.4384765625 0.02197265625 0.109375
0 0.55810546875 0.43017578125 0.0263671875 0.1318359375
0 0.53662109375 0.4326171875 0.0263671875 0.12890625
0 0.52294921875 0.43017578125 0.03125 0.1552734375
0 0.509765625 0.42919921875 0.0302734375 0.1494140625
0 0.522216796875 0.42578125 0.03466796875 0.169921875
0 0.2763671875 0.46337890625 0.0400390625 0.1962890625
0 0.2958984375 0.45703125 0.044921875 0.220703125
0 0.321044921875 0.44970703125 0.05029296875 0.2470703125
0 0.609375 0.42138671875 0.03125 0.1533203125
0 0.691650390625 0.39892578125 0.02685546875 0.1337890625
