0 0.52978515625 0.42919921875 0.0078125 0.0419921875
0 0.46337890625 0.42578125 0.005859375 0.029296875
0 0.458740234375 0.4287109375 0.00830078125 0.04296875
0 0.453125 0.42822265625 0.0068359375 0.0341796875
0 0.445556640625 0.427734375 0.00634765625 0.033203125
0 0.396728515625 0.4306640625 0.01318359375 0.064453125
0 0.391845703125 0.43359375 0.01123046875 0.05859375
0 0.3779296875 0.4306640625 0.0107421875 0.0546875
0 0.362548828125 0.4306640625 0.01220703125 0.060546875
0 0.36865234375 0.4267578125 0.0146484375 0.072265625
0 0.359619140625 0.435546875 0.01416015625 0.0703125
0 0.350830078125 0.44140625 0.02685546875 0.134765625
0 0.19287109375 0.427734375 0.0205078125 0.1015625
0 0.18408203125 0.4345703125 0.0234375 0.1171875
0 0.0283203125 0.47802734375 0.056640625 0.2998046875
0 0.695556640625 0.4345703125 0.01611328125 0.080078125
0 0.67529296875 0.431640625 0.013671875 0.068359375
0 0.887939453125 0.4365234375 0.02197265625 0.109375
0 0.88232421875 0.4443359375 0.0224609375 0.111328125
0 0.836181640625 0.43896484375 0.02294921875 0.1123046875
0 0.823486328125 0.4365234375 0.03076171875 0.150390625
0 0.8388671875 0.4423828125 0.029296875 0.14453125
0 0.904296875 0.43115234375 0.0263671875 0.1298828125
0 0.324951171875 0.46240234375 0.03759765625 0.1845703125
0 0.328857421875 0.45947265625 0.04150390625 0.2021484375
0 0.427978515625 0.4599609375 0.03955078125 0.1953125
0 0.4716796875 0.4609375 0.0400390625 0.1953125
0 0.21240234375 0.42578125 0.0224609375 0.111328125
