0 0.76953125 0.4091796875 0.0029296875 0.015625
0 0.490966796875 0.54052734375 0.08154296875 0.3994140625
0 0.08251953125 0.52099609375 0.109375 0.5361328125
0 0.259521484375 0.5830078125 0.05322265625 0.26171875
0 0.26318359375 0.5126953125 0.0966796875 0.47265625
0 0.2939453125 0.57470703125 0.0830078125 0.4072265625
0 0.3232421875 0.5361328125 0.125 0.611328125
0 0.314453125 0.5576171875 0.1337890625 0.654296875
0 0.696533203125 0.544921875 0.11669921875 0.5703125
0 0.597412109375 0.5322265625 0.13330078125 0.65234375
