0 0.476806640625 0.44384765625 0.00537109375 0.0322265625
0 0.4833984375 0.44140625 0.0087890625 0.04296875
0 0.491455078125 0.4404296875 0.00830078125 0.04296875
0 0.4951171875 0.4423828125 0.009765625 0.046875
0 0.51123046875 0.43896484375 0.0078125 0.0380859375
0 0.5126953125 0.443359375 0.0078125 0.0390625
0 0.521484375 0.44091796875 0.009765625 0.0478515625
0 0.526123046875 0.439453125 0.01025390625 0.05078125
0 0.414306640625 0.44140625 0.01123046875 0.0546875
0 0.425537109375 0.43408203125 0.00830078125 0.0439453125
0 0.401123046875 0.43212890625 0.00244140625 0.0126953125
0 0.397216796875 0.427734375 0.00439453125 0.021484375
0 0.393798828125 0.4248046875 0.01025390625 0.02734375
0 0.3837890625 0.427734375 0.017578125 0.03515625
0 0.369384765625 0.42822265625 0.01220703125 0.0322265625
0 0.36376953125 0.42724609375 0.01171875 0.0361328125
0 0.32958984375 0.4189453125 0.0146484375 0.021484375
0 0.33056640625 0.43505859375 0.0166015625 0.0595703125
0 0.3193359375 0.4365234375 0.0146484375 0.0546875
0 0.304931640625 0.43408203125 0.01904296875 0.0302734375
0 0.268798828125 0.42822265625 0.01416015625 0.0380859375
0 0.277587890625 0.44775390625 0.03955078125 0.1943359375
0 0.261962890625 0.4384765625 0.02685546875 0.095703125
0 0.228271484375 0.40625 0.02685546875 0.033203125
0 0.249755859375 0.4443359375 0.02880859375 0.087890625
0 0.201904296875 0.4248046875 0.02099609375 0.103515625
0 0.205078125 0.41552734375 0.017578125 0.0380859375
0 0.22265625 0.4287109375 0.0478515625 0.1015625
0 0.17529296875 0.41455078125 0.015625 0.0537109375
0 0.187744140625 0.431640625 0.02099609375 0.1015625
0 0.113525390625 0.40771484375 0.01513671875 0.0576171875
0 0.1474609375 0.43212890625 0.0244140625 0.1201171875
0 0.1611328125 0.4150390625 0.041015625 0.078125
0 0.131103515625 0.41845703125 0.05029296875 0.0712890625
0 0.0791015625 0.39111328125 0.005859375 0.0224609375
0 0.04931640625 0.400390625 0.0126953125 0.041015625
0 0.07568359375 0.41748046875 0.0498046875 0.1005859375
0 0.04443359375 0.42919921875 0.0458984375 0.1201171875
0 0.33642578125 0.4609375 0.0390625 0.19140625
0 0.58154296875 0.4404296875 0.0205078125 0.1015625
0 0.597900390625 0.4384765625 0.01611328125 0.078125
0 0.61572265625 0.439453125 0.013671875 0.068359375
0 0.684814453125 0.43017578125 0.00732421875 0.0283203125
0 0.677001953125 0.4384765625 0.01611328125 0.048828125
0 0.82958984375 0.4755859375 0.0703125 0.34375
0 0.87548828125 0.4697265625 0.0693359375 0.33984375
0 0.568359375 0.431640625 0.0107421875 0.0546875
0 0.437255859375 0.427734375 0.01025390625 0.015625
0 0.4453125 0.43115234375 0.001953125 0.0068359375
0 0.450927734375 0.4306640625 0.00341796875 0.005859375
0 0.46826171875 0.4345703125 0.02734375 0.021484375
0 0.45556640625 0.44970703125 0.0 0.0029296875
0 0.465087890625 0.455078125 0.01513671875 0.013671875
0 0.458984375 0.45849609375 0.0029296875 0.0029296875
0 0.4765625 0.4609375 0.0009765625 0.001953125
0 0.488037109375 0.4365234375 0.00244140625 0.021484375
