0 0.5263671875 0.40869140625 0.0107421875 0.0537109375
0 0.536376953125 0.408203125 0.01123046875 0.05859375
0 0.58447265625 0.41845703125 0.013671875 0.0673828125
0 0.58251953125 0.421875 0.017578125 0.087890625
0 0.593994140625 0.4267578125 0.01708984375 0.083984375
0 0.62451171875 0.4189453125 0.017578125 0.087890625
0 0.61767578125 0.423828125 0.0166015625 0.08203125
0 0.88134765625 0.43212890625 0.0283203125 0.1396484375
0 0.545166015625 0.4130859375 0.00634765625 0.03125
0 0.06298828125 0.3955078125 0.009765625 0.048828125
0 0.703369140625 0.42333984375 0.01708984375 0.0849609375
