0 0.513916015625 0.38330078125 0.00341796875 0.0185546875
0 0.5068359375 0.38134765625 0.0048828125 0.0244140625
0 0.48974609375 0.3828125 0.0048828125 0.0234375
0 0.4951171875 0.38916015625 0.005859375 0.0302734375
0 0.41845703125 0.39013671875 0.0087890625 0.0458984375
0 0.401611328125 0.38818359375 0.00830078125 0.0419921875
0 0.4072265625 0.39111328125 0.009765625 0.0498046875
0 0.31201171875 0.38818359375 0.01171875 0.0576171875
0 0.337890625 0.3984375 0.0126953125 0.0625
0 0.33984375 0.39892578125 0.013671875 0.0693359375
0 0.316650390625 0.4033203125 0.01416015625 0.0703125
0 0.305419921875 0.396484375 0.01513671875 0.076171875
0 0.235595703125 0.3623046875 0.01513671875 0.07421875
0 0.2763671875 0.39453125 0.0185546875 0.091796875
0 0.234130859375 0.38037109375 0.01513671875 0.0751953125
0 0.18505859375 0.361328125 0.0087890625 0.03515625
0 0.208740234375 0.4423828125 0.03466796875 0.171875
0 0.223876953125 0.43896484375 0.03857421875 0.1884765625
0 0.19189453125 0.443359375 0.037109375 0.181640625
0 0.066162109375 0.439453125 0.05810546875 0.287109375
0 0.114501953125 0.44921875 0.04541015625 0.22265625
0 0.155029296875 0.37841796875 0.00927734375 0.0322265625
0 0.169189453125 0.49951171875 0.08056640625 0.3935546875
0 0.135986328125 0.5224609375 0.07666015625 0.375
0 0.01318359375 0.341796875 0.0205078125 0.08203125
0 0.01123046875 0.4306640625 0.0166015625 0.107421875
0 0.56298828125 0.39306640625 0.0078125 0.0400390625
0 0.55810546875 0.39208984375 0.0087890625 0.0439453125
0 0.67138671875 0.38623046875 0.0107421875 0.0556640625
0 0.78564453125 0.4033203125 0.021484375 0.10546875
0 0.9482421875 0.40869140625 0.02734375 0.1357421875
0 0.9697265625 0.40673828125 0.033203125 0.1650390625
0 0.8271484375 0.494140625 0.076171875 0.373046875
0 0.740478515625 0.50341796875 0.10986328125 0.5400390625
0 0.642822265625 0.51708984375 0.10009765625 0.4892578125
0 0.543701171875 0.44580078125 0.03759765625 0.1845703125
0 0.39404296875 0.51953125 0.078125 0.380859375
0 0.433349609375 0.50390625 0.08935546875 0.4375
0 0.377197265625 0.5263671875 0.10498046875 0.513671875
0 0.470947265625 0.5390625 0.09423828125 0.462890625
0 0.25341796875 0.44775390625 0.0361328125 0.1787109375
0 0.26611328125 0.4013671875 0.00390625 0.037109375
0 0.29296875 0.39306640625 0.0166015625 0.0380859375
