0 0.478271484375 0.43408203125 0.00341796875 0.0166015625
0 0.3486328125 0.43994140625 0.0224609375 0.1103515625
0 0.324951171875 0.4462890625 0.01806640625 0.091796875
0 0.296875 0.453125 0.0263671875 0.130859375
0 0.2646484375 0.45166015625 0.02734375 0.1357421875
0 0.2255859375 0.46044921875 0.0341796875 0.1689453125
0 0.190185546875 0.46728515625 0.03173828125 0.1552734375
0 0.150390625 0.45849609375 0.03515625 0.1728515625
0 0.5537109375 0.43408203125 0.0048828125 0.0244140625
0 0.559326171875 0.43505859375 0.00439453125 0.0224609375
0 0.406982421875 0.443359375 0.01123046875 0.056640625
0 0.396728515625 0.44140625 0.01220703125 0.0625
0 0.4404296875 0.44189453125 0.0107421875 0.0537109375
