0 0.168212890625 0.45263671875 0.00439453125 0.0205078125
0 0.17529296875 0.455078125 0.00390625 0.021484375
0 0.228759765625 0.44775390625 0.00634765625 0.0322265625
0 0.333251953125 0.44384765625 0.01025390625 0.0517578125
0 0.36767578125 0.4501953125 0.0087890625 0.04296875
0 0.384033203125 0.4404296875 0.01220703125 0.060546875
0 0.546630859375 0.4462890625 0.01513671875 0.076171875
0 0.600830078125 0.443359375 0.01708984375 0.083984375
0 0.248779296875 0.462890625 0.06396484375 0.3125
0 0.3056640625 0.515625 0.0791015625 0.38671875
0 0.28515625 0.5009765625 0.0908203125 0.4453125
0 0.68505859375 0.451171875 0.017578125 0.0859375
0 0.674560546875 0.44970703125 0.01806640625 0.0888671875
0 0.662841796875 0.4501953125 0.01708984375 0.0859375
0 0.63720703125 0.45361328125 0.0146484375 0.0712890625
0 0.623046875 0.4482421875 0.0166015625 0.08203125
0 0.402587890625 0.43603515625 0.01318359375 0.0654296875
