0 0.49462890625 0.41015625 0.005859375 0.03125
0 0.507568359375 0.40673828125 0.00537109375 0.0283203125
0 0.637451171875 0.4287109375 0.02099609375 0.103515625
0 0.72119140625 0.435546875 0.025390625 0.125
0 0.213623046875 0.41943359375 0.00927734375 0.0478515625
0 0.128173828125 0.4384765625 0.04150390625 0.205078125
0 0.09912109375 0.44384765625 0.04296875 0.2099609375
0 0.078369140625 0.44189453125 0.04443359375 0.2177734375
0 0.230712890625 0.4052734375 0.01904296875 0.0234375
0 0.481201171875 0.40869140625 0.01611328125 0.0341796875
