0 0.448974609375 0.28662109375 0.00830078125 0.0419921875
0 0.519287109375 0.2861328125 0.01025390625 0.05078125
0 0.611083984375 0.2900390625 0.00927734375 0.046875
0 0.619873046875 0.2861328125 0.01025390625 0.05078125
0 0.3154296875 0.32177734375 0.01953125 0.0966796875
0 0.238037109375 0.37646484375 0.04052734375 0.2001953125
0 0.21875 0.39013671875 0.0380859375 0.1884765625
0 0.139892578125 0.4150390625 0.04541015625 0.22265625
0 0.6494140625 0.3466796875 0.01953125 0.09765625
0 0.3525390625 0.32177734375 0.0029296875 0.0498046875
0 0.35791015625 0.2880859375 0.001953125 0.001953125
0 0.36328125 0.29052734375 0.001953125 0.0068359375
0 0.368408203125 0.3095703125 0.00341796875 0.013671875
0 0.369873046875 0.384765625 0.00048828125 0.00390625
