0 0.70947265625 0.4248046875 0.03125 0.154296875
0 0.760498046875 0.42578125 0.02783203125 0.134765625
0 0.3642578125 0.4267578125 0.0078125 0.041015625
0 0.355224609375 0.42041015625 0.00439453125 0.0224609375
0 0.32177734375 0.439453125 0.013671875 0.06640625
0 0.2216796875 0.4443359375 0.0205078125 0.099609375
0 0.294921875 0.44580078125 0.0166015625 0.0810546875
0 0.280029296875 0.4423828125 0.01904296875 0.095703125
0 0.074462890625 0.453125 0.02490234375 0.12109375
0 0.11279296875 0.46337890625 0.0263671875 0.1279296875
0 0.055419921875 0.4697265625 0.03759765625 0.185546875
