0 0.481201171875 0.41796875 0.00439453125 0.021484375
0 0.484375 0.41650390625 0.0048828125 0.0244140625
0 0.498291015625 0.4140625 0.00341796875 0.01953125
0 0.4921875 0.416015625 0.00390625 0.021484375
0 0.488525390625 0.4169921875 0.00341796875 0.017578125
0 0.5244140625 0.4140625 0.005859375 0.029296875
0 0.53759765625 0.423828125 0.015625 0.078125
0 0.551025390625 0.4248046875 0.01513671875 0.076171875
0 0.705078125 0.447265625 0.02734375 0.119140625
0 0.955322265625 0.37890625 0.02099609375 0.103515625
0 0.345703125 0.42724609375 0.001953125 0.0361328125
0 0.3212890625 0.4111328125 0.0048828125 0.01171875
0 0.293701171875 0.4345703125 0.01220703125 0.060546875
0 0.11083984375 0.44921875 0.0234375 0.115234375
0 0.30517578125 0.4365234375 0.0107421875 0.052734375
0 0.454833984375 0.416015625 0.02880859375 0.0234375
