0 0.45166015625 0.41015625 0.0068359375 0.03515625
0 0.458984375 0.4091796875 0.0068359375 0.033203125
0 0.49267578125 0.41650390625 0.013671875 0.0693359375
0 0.506591796875 0.41650390625 0.01318359375 0.0654296875
0 0.5859375 0.4052734375 0.0078125 0.0390625
0 0.592041015625 0.40673828125 0.01025390625 0.0517578125
0 0.758544921875 0.4765625 0.04150390625 0.203125
0 0.844970703125 0.42822265625 0.02783203125 0.1357421875
0 0.91455078125 0.4697265625 0.05859375 0.2890625
0 0.3095703125 0.41162109375 0.0126953125 0.0634765625
0 0.28125 0.41015625 0.0205078125 0.1015625
