0 0.42236328125 0.42822265625 0.005859375 0.0302734375
0 0.286865234375 0.43994140625 0.00732421875 0.0380859375
0 0.26806640625 0.4404296875 0.0087890625 0.044921875
0 0.228515625 0.44677734375 0.0107421875 0.0556640625
0 0.219482421875 0.44189453125 0.01318359375 0.0654296875
0 0.205322265625 0.43994140625 0.01025390625 0.0498046875
0 0.044921875 0.4345703125 0.0126953125 0.064453125
0 0.02294921875 0.4609375 0.0244140625 0.119140625
0 0.6376953125 0.42333984375 0.0107421875 0.0556640625
0 0.662109375 0.4169921875 0.01171875 0.056640625
0 0.754638671875 0.421875 0.02294921875 0.11328125
0 0.687744140625 0.43115234375 0.02099609375 0.1025390625
