0 0.560546875 0.3896484375 0.0078125 0.0390625
0 0.6328125 0.376953125 0.0078125 0.0390625
0 0.636962890625 0.38134765625 0.00732421875 0.0361328125
0 0.6669921875 0.37939453125 0.0087890625 0.0439453125
0 0.67626953125 0.37841796875 0.0087890625 0.0439453125
0 0.673095703125 0.38916015625 0.01025390625 0.0517578125
0 0.77392578125 0.435546875 0.0263671875 0.130859375
0 0.767822265625 0.44921875 0.03759765625 0.18359375
0 0.751708984375 0.44677734375 0.03564453125 0.1748046875
0 0.822265625 0.42138671875 0.0224609375 0.1103515625
0 0.98876953125 0.43115234375 0.021484375 0.1494140625
0 0.517822265625 0.39111328125 0.01025390625 0.0517578125
0 0.419189453125 0.3828125 0.00732421875 0.037109375
0 0.424072265625 0.39306640625 0.00830078125 0.0400390625
0 0.411865234375 0.38671875 0.00830078125 0.041015625
0 0.40673828125 0.396484375 0.01171875 0.05859375
0 0.377685546875 0.390625 0.01123046875 0.056640625
0 0.380615234375 0.392578125 0.01025390625 0.052734375
0 0.389892578125 0.404296875 0.01416015625 0.0703125
0 0.3525390625 0.39208984375 0.009765625 0.0498046875
0 0.361328125 0.392578125 0.013671875 0.068359375
0 0.343994140625 0.4443359375 0.03662109375 0.1796875
0 0.31396484375 0.3681640625 0.009765625 0.048828125
0 0.29150390625 0.384765625 0.0087890625 0.04296875
0 0.279052734375 0.3681640625 0.00830078125 0.041015625
0 0.280517578125 0.43115234375 0.02587890625 0.1279296875
0 0.250732421875 0.43115234375 0.02587890625 0.1298828125
0 0.20654296875 0.38134765625 0.015625 0.0771484375
0 0.163330078125 0.4453125 0.03271484375 0.162109375
0 0.145263671875 0.48974609375 0.06494140625 0.3173828125
0 0.226806640625 0.53857421875 0.03076171875 0.1513671875
0 0.34228515625 0.4697265625 0.056640625 0.275390625
0 0.296875 0.46923828125 0.0673828125 0.3291015625
0 0.5185546875 0.43359375 0.0263671875 0.12890625
0 0.532470703125 0.43359375 0.03466796875 0.169921875
0 0.548828125 0.4453125 0.048828125 0.23828125
0 0.549560546875 0.46142578125 0.04443359375 0.2197265625
0 0.7255859375 0.55908203125 0.1171875 0.5751953125
0 0.877685546875 0.46875 0.09423828125 0.4609375
0 0.8876953125 0.4755859375 0.1025390625 0.501953125
