0 0.64208984375 0.3828125 0.01171875 0.05859375
0 0.65087890625 0.3818359375 0.01171875 0.05859375
0 0.69140625 0.3818359375 0.0107421875 0.052734375
0 0.76806640625 0.40625 0.01953125 0.095703125
0 0.79931640625 0.39697265625 0.01953125 0.0947265625
0 0.803955078125 0.42822265625 0.02490234375 0.1220703125
0 0.799072265625 0.42529296875 0.02685546875 0.1318359375
0 0.705810546875 0.43310546875 0.02978515625 0.1455078125
0 0.708984375 0.4326171875 0.0341796875 0.16796875
0 0.93603515625 0.41845703125 0.025390625 0.1259765625
0 0.974365234375 0.4326171875 0.05029296875 0.251953125
0 0.985595703125 0.451171875 0.02783203125 0.23046875
0 0.970703125 0.490234375 0.0576171875 0.3125
0 0.67041015625 0.455078125 0.0634765625 0.30859375
0 0.42578125 0.37841796875 0.0087890625 0.0439453125
0 0.41796875 0.3818359375 0.0078125 0.041015625
0 0.396728515625 0.37451171875 0.00830078125 0.0400390625
0 0.408935546875 0.38232421875 0.01025390625 0.0517578125
0 0.398681640625 0.39404296875 0.01123046875 0.0556640625
0 0.38525390625 0.39208984375 0.0126953125 0.0634765625
0 0.501953125 0.431640625 0.0419921875 0.205078125
0 0.504638671875 0.44384765625 0.04150390625 0.2021484375
0 0.52685546875 0.49072265625 0.0771484375 0.3798828125
0 0.5693359375 0.57275390625 0.0478515625 0.2333984375
0 0.572998046875 0.49609375 0.08056640625 0.39453125
0 0.29052734375 0.38037109375 0.0078125 0.0400390625
0 0.0205078125 0.44140625 0.0380859375 0.1875
0 0.087890625 0.4423828125 0.03515625 0.173828125
0 0.2255859375 0.4677734375 0.0185546875 0.091796875
0 0.25390625 0.42822265625 0.02734375 0.1337890625
0 0.24755859375 0.47216796875 0.0205078125 0.1005859375
0 0.357421875 0.50537109375 0.1103515625 0.5380859375
0 0.3134765625 0.54541015625 0.111328125 0.5439453125
