0 0.294189453125 0.43798828125 0.01708984375 0.0849609375
0 0.7060546875 0.390625 0.0029296875 0.015625
0 0.715087890625 0.40283203125 0.00634765625 0.0322265625
0 0.74853515625 0.41357421875 0.0107421875 0.0537109375
0 0.74072265625 0.41796875 0.009765625 0.048828125
0 0.809326171875 0.4150390625 0.01513671875 0.076171875
0 0.80029296875 0.42138671875 0.017578125 0.0869140625
0 0.777099609375 0.43115234375 0.01708984375 0.0849609375
0 0.80615234375 0.4306640625 0.0205078125 0.1015625
0 0.849609375 0.43115234375 0.0302734375 0.1474609375
0 0.885498046875 0.4228515625 0.02001953125 0.099609375
0 0.95166015625 0.42822265625 0.0400390625 0.1962890625
0 0.895263671875 0.43994140625 0.03662109375 0.1806640625
