0 0.516357421875 0.37109375 0.01220703125 0.0625
0 0.54052734375 0.361328125 0.005859375 0.03125
0 0.54638671875 0.36572265625 0.0087890625 0.0439453125
0 0.553955078125 0.365234375 0.00830078125 0.04296875
0 0.54296875 0.373046875 0.01171875 0.060546875
0 0.52685546875 0.39306640625 0.0224609375 0.1103515625
0 0.518310546875 0.39697265625 0.02197265625 0.1083984375
0 0.38623046875 0.388671875 0.021484375 0.107421875
0 0.40478515625 0.3955078125 0.0205078125 0.099609375
0 0.22607421875 0.478515625 0.068359375 0.3359375
0 0.247314453125 0.4619140625 0.08349609375 0.41015625
0 0.576904296875 0.3642578125 0.00830078125 0.04296875
0 0.572509765625 0.37353515625 0.01123046875 0.0556640625
0 0.575927734375 0.3779296875 0.00927734375 0.046875
0 0.6025390625 0.37060546875 0.0126953125 0.0634765625
0 0.609375 0.37353515625 0.01171875 0.0576171875
0 0.5908203125 0.37744140625 0.0107421875 0.0537109375
0 0.595947265625 0.37353515625 0.01220703125 0.0615234375
0 0.63720703125 0.37548828125 0.0166015625 0.0810546875
0 0.707275390625 0.4130859375 0.02294921875 0.115234375
0 0.90234375 0.44970703125 0.0595703125 0.2919921875
