0 0.81689453125 0.47314453125 0.064453125 0.3134765625
0 0.137451171875 0.498046875 0.02978515625 0.146484375
0 0.129150390625 0.50146484375 0.02880859375 0.1416015625
0 0.339111328125 0.4716796875 0.04150390625 0.203125
0 0.214111328125 0.490234375 0.04345703125 0.212890625
0 0.0751953125 0.49609375 0.0458984375 0.224609375
0 0.431396484375 0.47509765625 0.03076171875 0.1513671875
0 0.453125 0.4814453125 0.029296875 0.14453125
0 0.670166015625 0.47119140625 0.02490234375 0.1220703125
0 0.678466796875 0.46240234375 0.03173828125 0.1552734375
0 0.7529296875 0.57275390625 0.03515625 0.1728515625
0 0.73681640625 0.4921875 0.076171875 0.373046875
0 0.801025390625 0.48974609375 0.09423828125 0.4619140625
0 0.56982421875 0.46337890625 0.0751953125 0.3662109375
0 0.554443359375 0.5 0.07177734375 0.3515625
