0 0.731689453125 0.384765625 0.00830078125 0.041015625
0 0.75634765625 0.392578125 0.0078125 0.041015625
0 0.752685546875 0.38818359375 0.01123046875 0.0576171875
0 0.771240234375 0.39013671875 0.00927734375 0.0458984375
0 0.764892578125 0.3916015625 0.00830078125 0.041015625
0 0.80224609375 0.384765625 0.009765625 0.048828125
0 0.8076171875 0.390625 0.01171875 0.05859375
0 0.817626953125 0.3876953125 0.01220703125 0.060546875
0 0.330322265625 0.43798828125 0.05126953125 0.2509765625
0 0.295654296875 0.447265625 0.05126953125 0.251953125
0 0.270751953125 0.45068359375 0.05224609375 0.2587890625
0 0.859130859375 0.390625 0.01220703125 0.060546875
0 0.849365234375 0.38671875 0.01220703125 0.0625
0 0.88818359375 0.40185546875 0.015625 0.0771484375
0 0.86767578125 0.3984375 0.015625 0.080078125
