0 0.538818359375 0.3798828125 0.01806640625 0.08984375
0 0.54638671875 0.40869140625 0.0244140625 0.1201171875
0 0.34912109375 0.40087890625 0.029296875 0.1455078125
0 0.33203125 0.40185546875 0.0302734375 0.1474609375
0 0.386962890625 0.40576171875 0.02783203125 0.1376953125
0 0.40673828125 0.412109375 0.0263671875 0.12890625
0 0.51708984375 0.40576171875 0.0263671875 0.1318359375
0 0.451171875 0.42578125 0.03125 0.154296875
0 0.651611328125 0.4189453125 0.04345703125 0.21484375
0 0.623779296875 0.43310546875 0.03955078125 0.1943359375
0 0.771484375 0.46435546875 0.0673828125 0.3291015625
0 0.954345703125 0.4599609375 0.09033203125 0.466796875
