0 0.488525390625 0.380859375 0.00830078125 0.04296875
0 0.49609375 0.380859375 0.0078125 0.041015625
0 0.465087890625 0.38134765625 0.00830078125 0.0439453125
0 0.439453125 0.38525390625 0.0078125 0.0400390625
0 0.446044921875 0.3837890625 0.00830078125 0.04296875
0 0.4541015625 0.3818359375 0.0078125 0.0390625
0 0.455810546875 0.40771484375 0.01611328125 0.0810546875
0 0.43408203125 0.41650390625 0.0224609375 0.1123046875
0 0.39501953125 0.40869140625 0.015625 0.0771484375
0 0.5517578125 0.416015625 0.0205078125 0.1015625
0 0.562255859375 0.40966796875 0.02685546875 0.1318359375
0 0.817626953125 0.43994140625 0.05810546875 0.2841796875
0 0.611083984375 0.4599609375 0.05322265625 0.26171875
0 0.6240234375 0.45263671875 0.0625 0.3056640625
0 0.91552734375 0.42041015625 0.064453125 0.3173828125
0 0.911376953125 0.44580078125 0.05615234375 0.2763671875
0 0.502685546875 0.3994140625 0.01318359375 0.06640625
0 0.513427734375 0.404296875 0.01416015625 0.072265625
