0 0.4951171875 0.39013671875 0.0048828125 0.0244140625
0 0.524169921875 0.3935546875 0.00537109375 0.02734375
0 0.51806640625 0.3984375 0.005859375 0.029296875
0 0.53515625 0.39892578125 0.005859375 0.0322265625
0 0.54052734375 0.4013671875 0.0087890625 0.04296875
0 0.547119140625 0.41162109375 0.00732421875 0.0400390625
0 0.5625 0.41015625 0.009765625 0.048828125
0 0.556396484375 0.41357421875 0.01025390625 0.0498046875
0 0.569091796875 0.41162109375 0.01025390625 0.0517578125
0 0.5810546875 0.40576171875 0.0107421875 0.0517578125
0 0.5859375 0.4208984375 0.0146484375 0.072265625
0 0.60009765625 0.42041015625 0.0146484375 0.0732421875
0 0.61572265625 0.41357421875 0.0146484375 0.0732421875
0 0.627197265625 0.41015625 0.01513671875 0.076171875
0 0.68212890625 0.41650390625 0.01953125 0.0966796875
0 0.6669921875 0.42578125 0.0166015625 0.083984375
0 0.8369140625 0.43115234375 0.033203125 0.1630859375
0 0.824951171875 0.4423828125 0.03466796875 0.169921875
0 0.820068359375 0.4248046875 0.04443359375 0.216796875
0 0.78759765625 0.45751953125 0.029296875 0.1435546875
0 0.7841796875 0.4267578125 0.044921875 0.22265625
0 0.896484375 0.4228515625 0.04296875 0.2109375
0 0.30810546875 0.4111328125 0.013671875 0.068359375
0 0.3193359375 0.4111328125 0.013671875 0.068359375
0 0.369140625 0.400390625 0.0068359375 0.03515625
0 0.2509765625 0.40966796875 0.0185546875 0.0908203125
0 0.014892578125 0.41552734375 0.02978515625 0.1865234375
