0 0.677978515625 0.46630859375 0.03759765625 0.1845703125
0 0.170166015625 0.41259765625 0.03662109375 0.1787109375
0 0.167236328125 0.46826171875 0.02294921875 0.1435546875
0 0.10400390625 0.44775390625 0.0458984375 0.2255859375
0 0.11474609375 0.44287109375 0.048828125 0.2373046875
0 0.735595703125 0.4482421875 0.04833984375 0.23828125
0 0.79638671875 0.45458984375 0.0439453125 0.2158203125
0 0.7861328125 0.462890625 0.0439453125 0.21484375
0 0.855224609375 0.45556640625 0.04638671875 0.2275390625
0 0.927734375 0.46630859375 0.05859375 0.2861328125
0 0.429931640625 0.4423828125 0.02880859375 0.140625
