0 0.656494140625 0.41943359375 0.00927734375 0.0458984375
0 0.653564453125 0.419921875 0.01123046875 0.05859375
0 0.669677734375 0.42431640625 0.00927734375 0.0458984375
0 0.5576171875 0.42138671875 0.0087890625 0.0439453125
0 0.755859375 0.43017578125 0.0126953125 0.0634765625
0 0.739013671875 0.4296875 0.01318359375 0.06640625
0 0.73193359375 0.42578125 0.015625 0.080078125
0 0.71826171875 0.43212890625 0.0146484375 0.0712890625
0 0.482666015625 0.419921875 0.00439453125 0.021484375
0 0.48779296875 0.423828125 0.0107421875 0.0546875
0 0.45654296875 0.42138671875 0.0087890625 0.0439453125
0 0.462646484375 0.42138671875 0.00830078125 0.0400390625
0 0.38330078125 0.42431640625 0.0244140625 0.1220703125
