0 0.611328125 0.42724609375 0.0078125 0.0400390625
0 0.60888671875 0.46533203125 0.01953125 0.0673828125
0 0.63525390625 0.46337890625 0.029296875 0.1435546875
0 0.572998046875 0.44287109375 0.01220703125 0.0615234375
0 0.499267578125 0.439453125 0.01025390625 0.05078125
0 0.511962890625 0.45361328125 0.01806640625 0.0888671875
0 0.537841796875 0.447265625 0.01416015625 0.0703125
0 0.481201171875 0.45263671875 0.02099609375 0.1025390625
0 0.487060546875 0.462890625 0.02783203125 0.13671875
0 0.456787109375 0.4560546875 0.02490234375 0.123046875
0 0.42822265625 0.455078125 0.025390625 0.125
0 0.3076171875 0.466796875 0.048828125 0.23828125
0 0.0537109375 0.53515625 0.107421875 0.630859375
0 0.924560546875 0.5595703125 0.09814453125 0.478515625
0 0.583984375 0.4423828125 0.0146484375 0.072265625
0 0.52880859375 0.451171875 0.0185546875 0.091796875
