0 0.43212890625 0.41455078125 0.0107421875 0.0556640625
0 0.421630859375 0.42041015625 0.01123046875 0.0556640625
0 0.661376953125 0.43896484375 0.01416015625 0.0693359375
0 0.775634765625 0.45703125 0.00830078125 0.029296875
0 0.78271484375 0.4560546875 0.0068359375 0.02734375
0 0.77294921875 0.4970703125 0.0263671875 0.056640625
0 0.782958984375 0.50244140625 0.00537109375 0.0439453125
0 0.79833984375 0.45654296875 0.0283203125 0.1396484375
0 0.822021484375 0.482421875 0.02783203125 0.1015625
0 0.838623046875 0.48681640625 0.04248046875 0.1064453125
