0 0.44873046875 0.404296875 0.0078125 0.0390625
0 0.430419921875 0.41796875 0.00927734375 0.046875
0 0.481201171875 0.4326171875 0.00830078125 0.0390625
0 0.49951171875 0.421875 0.0087890625 0.04296875
0 0.495361328125 0.43505859375 0.01318359375 0.0654296875
0 0.470458984375 0.43505859375 0.01318359375 0.0654296875
0 0.09765625 0.49755859375 0.064453125 0.3154296875
0 0.35400390625 0.43896484375 0.0146484375 0.0732421875
0 0.521728515625 0.4306640625 0.01318359375 0.06640625
0 0.59814453125 0.474609375 0.0380859375 0.185546875
0 0.621337890625 0.48095703125 0.04052734375 0.1982421875
0 0.57958984375 0.470703125 0.0400390625 0.19921875
