0 0.261474609375 0.42041015625 0.01513671875 0.0771484375
0 0.312744140625 0.4228515625 0.02294921875 0.111328125
0 0.328125 0.42822265625 0.01953125 0.0986328125
0 0.505126953125 0.41845703125 0.01904296875 0.0947265625
0 0.51953125 0.41259765625 0.01953125 0.0966796875
0 0.54541015625 0.41943359375 0.017578125 0.0888671875
0 0.650146484375 0.43603515625 0.02587890625 0.1279296875
0 0.78076171875 0.416015625 0.0166015625 0.080078125
0 0.768798828125 0.41455078125 0.01806640625 0.0869140625
0 0.75732421875 0.4208984375 0.017578125 0.087890625
0 0.84716796875 0.48291015625 0.06640625 0.3232421875
0 0.810791015625 0.4736328125 0.07275390625 0.35546875
0 0.235107421875 0.43701171875 0.01513671875 0.0751953125
0 0.442138671875 0.412109375 0.02001953125 0.09765625
0 0.436767578125 0.416015625 0.01806640625 0.08984375
0 0.21630859375 0.423828125 0.0205078125 0.1015625
