0 0.514892578125 0.41552734375 0.02099609375 0.1025390625
0 0.537841796875 0.4072265625 0.02001953125 0.099609375
0 0.2431640625 0.44091796875 0.0517578125 0.2529296875
0 0.258056640625 0.447265625 0.05224609375 0.255859375
0 0.561767578125 0.40380859375 0.01220703125 0.0615234375
0 0.57275390625 0.40380859375 0.01171875 0.0595703125
0 0.591552734375 0.39697265625 0.01123046875 0.0556640625
0 0.58154296875 0.4091796875 0.0166015625 0.08203125
0 0.58837890625 0.41259765625 0.0146484375 0.0732421875
0 0.61767578125 0.40576171875 0.01953125 0.0986328125
0 0.641845703125 0.40380859375 0.01904296875 0.0947265625
0 0.648193359375 0.40869140625 0.01806640625 0.0888671875
0 0.62939453125 0.46630859375 0.05078125 0.2490234375
0 0.606689453125 0.46533203125 0.05908203125 0.2900390625
0 0.751953125 0.41455078125 0.03125 0.1533203125
0 0.8427734375 0.44287109375 0.0380859375 0.1865234375
0 0.462890625 0.42138671875 0.048828125 0.2392578125
