0 0.02783203125 0.4599609375 0.0126953125 0.064453125
0 0.05322265625 0.46044921875 0.0126953125 0.0615234375
0 0.3203125 0.47314453125 0.021484375 0.1064453125
0 0.442138671875 0.45166015625 0.01611328125 0.0810546875
0 0.65380859375 0.46044921875 0.0166015625 0.0810546875
0 0.660888671875 0.45849609375 0.01806640625 0.0888671875
0 0.818359375 0.46728515625 0.0263671875 0.1279296875
0 0.856201171875 0.4619140625 0.02685546875 0.130859375
0 0.88916015625 0.47607421875 0.0283203125 0.1376953125
0 0.635009765625 0.50146484375 0.07666015625 0.3759765625
