0 0.548095703125 0.43896484375 0.00439453125 0.0244140625
0 0.451904296875 0.44287109375 0.00634765625 0.0322265625
0 0.681640625 0.4365234375 0.0166015625 0.08203125
0 0.702880859375 0.4267578125 0.01611328125 0.080078125
0 0.713623046875 0.43212890625 0.01904296875 0.0927734375
0 0.7421875 0.42333984375 0.0107421875 0.0537109375
0 0.745361328125 0.4423828125 0.01513671875 0.076171875
0 0.76611328125 0.42919921875 0.017578125 0.0869140625
0 0.789306640625 0.4306640625 0.01611328125 0.080078125
0 0.780517578125 0.431640625 0.01904296875 0.095703125
0 0.734130859375 0.43017578125 0.01904296875 0.0927734375
0 0.751953125 0.43310546875 0.0185546875 0.0927734375
0 0.774658203125 0.43359375 0.02001953125 0.099609375
0 0.842041015625 0.42724609375 0.01806640625 0.0888671875
0 0.83154296875 0.4248046875 0.0263671875 0.12890625
0 0.196044921875 0.466796875 0.02783203125 0.138671875
0 0.2158203125 0.46240234375 0.0244140625 0.1201171875
0 0.22314453125 0.46923828125 0.0234375 0.1162109375
