0 0.85546875 0.43408203125 0.0068359375 0.0361328125
0 0.7734375 0.43359375 0.0068359375 0.03515625
0 0.70556640625 0.443359375 0.0185546875 0.08984375
0 0.926025390625 0.48876953125 0.09716796875 0.4755859375
0 0.25390625 0.42138671875 0.0048828125 0.0263671875
0 0.237548828125 0.419921875 0.00439453125 0.0234375
0 0.174560546875 0.4189453125 0.00732421875 0.03515625
0 0.136474609375 0.4130859375 0.00830078125 0.041015625
0 0.033935546875 0.41552734375 0.01025390625 0.0517578125
0 0.071044921875 0.4208984375 0.00732421875 0.037109375
0 0.048583984375 0.4326171875 0.01708984375 0.0859375
0 0.10107421875 0.43115234375 0.017578125 0.0869140625
0 0.108154296875 0.44970703125 0.01025390625 0.0517578125
0 0.3291015625 0.4345703125 0.0185546875 0.08984375
0 0.520263671875 0.44091796875 0.01904296875 0.0927734375
0 0.495361328125 0.44384765625 0.01806640625 0.0888671875
0 0.4833984375 0.43994140625 0.0205078125 0.1005859375
0 0.458984375 0.439453125 0.017578125 0.087890625
0 0.464111328125 0.4482421875 0.01708984375 0.083984375
0 0.37841796875 0.51318359375 0.0908203125 0.4423828125
0 0.260986328125 0.4208984375 0.00634765625 0.03125
