0 0.5888671875 0.404296875 0.0087890625 0.044921875
0 0.308349609375 0.416015625 0.00439453125 0.021484375
0 0.31787109375 0.421875 0.0078125 0.0390625
0 0.405029296875 0.4267578125 0.01318359375 0.064453125
0 0.373779296875 0.419921875 0.00927734375 0.044921875
0 0.380126953125 0.4267578125 0.01416015625 0.0703125
0 0.275634765625 0.447265625 0.02392578125 0.1171875
0 0.1513671875 0.46044921875 0.03125 0.1552734375
0 0.17138671875 0.45654296875 0.03515625 0.1728515625
0 0.16064453125 0.4677734375 0.03125 0.154296875
0 0.12646484375 0.4599609375 0.0458984375 0.2265625
0 0.038818359375 0.47021484375 0.04638671875 0.2275390625
0 0.01513671875 0.48486328125 0.0302734375 0.2294921875
0 0.058837890625 0.4814453125 0.05322265625 0.259765625
0 0.505615234375 0.41064453125 0.00634765625 0.0322265625
