0 0.094482421875 0.43212890625 0.02490234375 0.1220703125
0 0.177001953125 0.4296875 0.01611328125 0.078125
0 0.22021484375 0.41943359375 0.0107421875 0.0517578125
0 0.211181640625 0.43408203125 0.01708984375 0.0830078125
0 0.35009765625 0.41845703125 0.0087890625 0.0458984375
0 0.369140625 0.42431640625 0.0087890625 0.0439453125
0 0.391845703125 0.4228515625 0.00830078125 0.041015625
0 0.470703125 0.4140625 0.0068359375 0.03515625
0 0.465576171875 0.4140625 0.00634765625 0.033203125
0 0.517333984375 0.416015625 0.00830078125 0.04296875
0 0.5751953125 0.41796875 0.0146484375 0.07421875
0 0.554443359375 0.421875 0.01904296875 0.09375
0 0.5634765625 0.421875 0.0185546875 0.08984375
0 0.97265625 0.42041015625 0.0224609375 0.1123046875
0 0.962890625 0.41796875 0.0234375 0.1171875
0 0.99169921875 0.41845703125 0.015625 0.1162109375
0 0.822509765625 0.4140625 0.02099609375 0.103515625
0 0.82861328125 0.4189453125 0.01953125 0.09765625
0 0.81298828125 0.41259765625 0.0234375 0.1162109375
0 0.786376953125 0.419921875 0.02099609375 0.1015625
0 0.709228515625 0.41650390625 0.01708984375 0.0849609375
0 0.71533203125 0.41357421875 0.01953125 0.0947265625
0 0.629638671875 0.40966796875 0.01513671875 0.0751953125
0 0.685302734375 0.416015625 0.01611328125 0.080078125
0 0.68798828125 0.4150390625 0.0166015625 0.083984375
0 0.695068359375 0.4150390625 0.01904296875 0.091796875
0 0.662353515625 0.41552734375 0.01806640625 0.0888671875
0 0.66796875 0.416015625 0.01953125 0.095703125
0 0.6162109375 0.4189453125 0.017578125 0.087890625
0 0.6259765625 0.4169921875 0.0185546875 0.08984375
0 0.63623046875 0.416015625 0.015625 0.076171875
0 0.598388671875 0.41943359375 0.01904296875 0.0927734375
0 0.617431640625 0.4189453125 0.01416015625 0.0703125
0 0.53466796875 0.421875 0.001953125 0.02734375
0 0.541015625 0.42431640625 0.00390625 0.0283203125
0 0.544921875 0.42431640625 0.0 0.0009765625
0 0.649169921875 0.416015625 0.01611328125 0.083984375
0 0.677490234375 0.41796875 0.00830078125 0.078125
