0 0.02587890625 0.3984375 0.0234375 0.0703125
0 0.129638671875 0.3935546875 0.01318359375 0.04296875
0 0.014892578125 0.46337890625 0.02978515625 0.2275390625
0 0.099853515625 0.47509765625 0.05322265625 0.2626953125
0 0.150634765625 0.47802734375 0.05517578125 0.2724609375
0 0.499755859375 0.4072265625 0.02001953125 0.099609375
0 0.52099609375 0.4091796875 0.0205078125 0.1015625
0 0.5673828125 0.42626953125 0.009765625 0.0498046875
0 0.580810546875 0.4248046875 0.01220703125 0.060546875
0 0.569580078125 0.41064453125 0.01806640625 0.0888671875
0 0.554443359375 0.41064453125 0.02099609375 0.1044921875
0 0.604248046875 0.42041015625 0.00830078125 0.0302734375
0 0.59423828125 0.4169921875 0.015625 0.078125
0 0.479736328125 0.400390625 0.02197265625 0.109375
