0 0.122314453125 0.42431640625 0.03759765625 0.1845703125
0 0.16259765625 0.419921875 0.0361328125 0.177734375
0 0.38623046875 0.41015625 0.037109375 0.18359375
0 0.37353515625 0.39794921875 0.046875 0.2294921875
0 0.47265625 0.375 0.0302734375 0.1484375
0 0.42529296875 0.3828125 0.025390625 0.126953125
0 0.517578125 0.3671875 0.03125 0.154296875
0 0.5458984375 0.40478515625 0.0419921875 0.2080078125
0 0.67578125 0.39794921875 0.0390625 0.1923828125
0 0.690673828125 0.39111328125 0.04541015625 0.2236328125
0 0.663330078125 0.39990234375 0.04638671875 0.2255859375
0 0.787841796875 0.46044921875 0.08056640625 0.3955078125
