0 0.5400390625 0.43115234375 0.0205078125 0.1005859375
0 0.53369140625 0.4462890625 0.017578125 0.0859375
0 0.57568359375 0.435546875 0.0283203125 0.140625
0 0.549560546875 0.42431640625 0.03173828125 0.1572265625
0 0.740234375 0.435546875 0.0078125 0.041015625
0 0.788330078125 0.42822265625 0.01025390625 0.0517578125
0 0.808349609375 0.43359375 0.01220703125 0.060546875
0 0.835205078125 0.4248046875 0.01611328125 0.080078125
0 0.84423828125 0.4326171875 0.013671875 0.068359375
0 0.439697265625 0.4697265625 0.05712890625 0.279296875
0 0.47265625 0.46923828125 0.033203125 0.2724609375
