0 0.29150390625 0.45703125 0.0068359375 0.03515625
0 0.1728515625 0.45166015625 0.0126953125 0.0380859375
0 0.164794921875 0.4580078125 0.01806640625 0.052734375
0 0.327392578125 0.462890625 0.01123046875 0.0546875
0 0.338623046875 0.46435546875 0.01416015625 0.0712890625
0 0.306640625 0.470703125 0.0146484375 0.072265625
0 0.3037109375 0.46484375 0.01953125 0.095703125
0 0.316162109375 0.46630859375 0.02099609375 0.1044921875
0 0.33544921875 0.45751953125 0.0234375 0.1162109375
0 0.419189453125 0.4609375 0.01416015625 0.072265625
0 0.43505859375 0.4619140625 0.013671875 0.068359375
0 0.267578125 0.4697265625 0.0322265625 0.158203125
0 0.35986328125 0.4560546875 0.0244140625 0.119140625
0 0.3818359375 0.455078125 0.0283203125 0.025390625
0 0.40869140625 0.45849609375 0.0107421875 0.0302734375
0 0.4716796875 0.4560546875 0.0634765625 0.080078125
