0 0.3662109375 0.49609375 0.013671875 0.068359375
0 0.3076171875 0.4921875 0.0146484375 0.072265625
0 0.084228515625 0.53369140625 0.04736328125 0.2314453125
0 0.54541015625 0.4951171875 0.0107421875 0.0546875
0 0.538330078125 0.49462890625 0.01123046875 0.0576171875
0 0.529541015625 0.49951171875 0.01123046875 0.0576171875
0 0.7412109375 0.51953125 0.0146484375 0.07421875
0 0.190185546875 0.525390625 0.04052734375 0.19921875
0 0.7705078125 0.50439453125 0.0185546875 0.0908203125
0 0.475830078125 0.498046875 0.01611328125 0.080078125
0 0.11669921875 0.5146484375 0.0634765625 0.310546875
0 0.337890625 0.49560546875 0.046875 0.0810546875
0 0.364013671875 0.4619140625 0.00146484375 0.005859375
0 0.38330078125 0.48486328125 0.0029296875 0.0146484375
0 0.394287109375 0.48583984375 0.01123046875 0.0322265625
