0 0.052978515625 0.52099609375 0.07470703125 0.3662109375
0 0.02490234375 0.5322265625 0.0498046875 0.376953125
0 0.46044921875 0.45703125 0.009765625 0.05078125
0 0.685302734375 0.478515625 0.01123046875 0.056640625
0 0.740234375 0.50537109375 0.0224609375 0.1123046875
0 0.95263671875 0.48388671875 0.0439453125 0.2158203125
0 0.906005859375 0.48681640625 0.04638671875 0.2294921875
0 0.855224609375 0.49560546875 0.03857421875 0.1884765625
0 0.76123046875 0.51220703125 0.0390625 0.1904296875
0 0.822998046875 0.49462890625 0.03955078125 0.1943359375
0 0.661865234375 0.4912109375 0.01513671875 0.07421875
0 0.476318359375 0.4677734375 0.01220703125 0.048828125
0 0.49267578125 0.46630859375 0.0166015625 0.0517578125
0 0.503173828125 0.47021484375 0.00244140625 0.0283203125
