0 0.406494140625 0.42236328125 0.00341796875 0.0185546875
0 0.410400390625 0.4228515625 0.00341796875 0.017578125
0 0.392578125 0.421875 0.0029296875 0.015625
0 0.3779296875 0.4208984375 0.0029296875 0.017578125
0 0.417724609375 0.42138671875 0.00341796875 0.0185546875
0 0.4326171875 0.42431640625 0.00390625 0.0224609375
0 0.437744140625 0.42236328125 0.00439453125 0.0224609375
0 0.366943359375 0.4306640625 0.00439453125 0.0234375
0 0.35205078125 0.43359375 0.009765625 0.05078125
0 0.34228515625 0.4296875 0.01171875 0.05859375
0 0.166748046875 0.44970703125 0.05126953125 0.2509765625
