0 0.01220703125 0.4521484375 0.0234375 0.1171875
0 0.04638671875 0.427734375 0.0322265625 0.158203125
0 0.472412109375 0.42578125 0.01123046875 0.056640625
0 0.46728515625 0.42431640625 0.0126953125 0.0615234375
0 0.522216796875 0.412109375 0.00439453125 0.0234375
0 0.601806640625 0.41943359375 0.00830078125 0.0419921875
0 0.6142578125 0.41748046875 0.009765625 0.0498046875
0 0.625244140625 0.43212890625 0.00830078125 0.0439453125
0 0.638916015625 0.4228515625 0.01220703125 0.060546875
0 0.653564453125 0.42578125 0.01220703125 0.060546875
0 0.725830078125 0.4267578125 0.02587890625 0.126953125
0 0.7431640625 0.4326171875 0.0361328125 0.1796875
0 0.702392578125 0.43115234375 0.02197265625 0.1083984375
0 0.6796875 0.43408203125 0.0205078125 0.1025390625
0 0.671630859375 0.42919921875 0.02587890625 0.1279296875
0 0.69287109375 0.4287109375 0.025390625 0.125
0 0.824951171875 0.4443359375 0.03076171875 0.15234375
0 0.80126953125 0.43994140625 0.0341796875 0.1669921875
