0 0.364990234375 0.36083984375 0.01025390625 0.0517578125
0 0.494140625 0.41162109375 0.013671875 0.0458984375
0 0.50537109375 0.41552734375 0.021484375 0.0537109375
0 0.3310546875 0.3818359375 0.013671875 0.068359375
0 0.96826171875 0.4345703125 0.0205078125 0.076171875
0 0.947509765625 0.44384765625 0.04833984375 0.0927734375
0 0.98583984375 0.46533203125 0.0224609375 0.1748046875
0 0.162109375 0.43359375 0.03515625 0.171875
0 0.248291015625 0.44091796875 0.05322265625 0.2626953125
0 0.27880859375 0.458984375 0.046875 0.232421875
0 0.236328125 0.45263671875 0.0556640625 0.2724609375
0 0.2998046875 0.4638671875 0.060546875 0.296875
0 0.595458984375 0.474609375 0.04541015625 0.224609375
0 0.55712890625 0.4658203125 0.05078125 0.248046875
0 0.193603515625 0.4052734375 0.02001953125 0.099609375
