0 0.875732421875 0.4951171875 0.00927734375 0.046875
0 0.884521484375 0.49462890625 0.00927734375 0.0478515625
0 0.94091796875 0.4931640625 0.009765625 0.05078125
0 0.95458984375 0.49267578125 0.009765625 0.0498046875
0 0.966796875 0.4921875 0.0107421875 0.052734375
0 0.948974609375 0.4990234375 0.00927734375 0.046875
0 0.822509765625 0.4853515625 0.01025390625 0.05078125
0 0.97314453125 0.49853515625 0.017578125 0.0869140625
0 0.940673828125 0.51025390625 0.01513671875 0.0751953125
0 0.843994140625 0.48681640625 0.01904296875 0.0927734375
