0 0.437744140625 0.43115234375 0.00830078125 0.0439453125
0 0.44287109375 0.4345703125 0.0068359375 0.03515625
0 0.529296875 0.45068359375 0.01171875 0.0595703125
0 0.469482421875 0.4365234375 0.04638671875 0.228515625
0 0.50830078125 0.42822265625 0.052734375 0.2587890625
0 0.65625 0.439453125 0.0380859375 0.1875
0 0.752685546875 0.4580078125 0.02099609375 0.103515625
0 0.7021484375 0.45068359375 0.0341796875 0.1689453125
0 0.733642578125 0.45263671875 0.03466796875 0.1708984375
0 0.79443359375 0.4580078125 0.0322265625 0.158203125
0 0.82861328125 0.45068359375 0.07421875 0.3623046875
