0 0.338623046875 0.40283203125 0.01318359375 0.0361328125
0 0.361328125 0.4541015625 0.0478515625 0.236328125
0 0.40771484375 0.4375 0.0576171875 0.28125
0 0.573486328125 0.4296875 0.01416015625 0.0703125
0 0.69970703125 0.4619140625 0.03515625 0.171875
0 0.724853515625 0.45556640625 0.03759765625 0.1845703125
0 0.2919921875 0.396484375 0.046875 0.0390625
0 0.3173828125 0.39404296875 0.0009765625 0.0126953125
0 0.51611328125 0.40234375 0.017578125 0.02734375
0 0.510986328125 0.43212890625 0.00341796875 0.0146484375
0 0.605224609375 0.41796875 0.02294921875 0.0390625
0 0.605712890625 0.46142578125 0.00244140625 0.0009765625
