0 0.434814453125 0.4375 0.01513671875 0.07421875
0 0.423095703125 0.4501953125 0.00732421875 0.037109375
0 0.371826171875 0.44775390625 0.02294921875 0.1123046875
0 0.40185546875 0.45166015625 0.0224609375 0.1123046875
0 0.567626953125 0.44775390625 0.01025390625 0.0537109375
0 0.673828125 0.4560546875 0.0205078125 0.1015625
0 0.681396484375 0.45703125 0.02001953125 0.09765625
0 0.696533203125 0.4541015625 0.02392578125 0.1171875
0 0.79931640625 0.47314453125 0.0380859375 0.1884765625
0 0.83154296875 0.4697265625 0.041015625 0.201171875
0 0.866943359375 0.48193359375 0.04052734375 0.2001953125
