0 0.710693359375 0.47998046875 0.05322265625 0.2607421875
0 0.76708984375 0.4697265625 0.0556640625 0.2734375
0 0.51806640625 0.44482421875 0.015625 0.0771484375
0 0.531494140625 0.4453125 0.01611328125 0.080078125
0 0.5654296875 0.4404296875 0.009765625 0.048828125
0 0.557373046875 0.44384765625 0.01025390625 0.0498046875
0 0.58740234375 0.4365234375 0.009765625 0.05078125
0 0.579345703125 0.45166015625 0.01513671875 0.0751953125
0 0.60595703125 0.44970703125 0.01171875 0.0595703125
0 0.613525390625 0.44580078125 0.01025390625 0.0498046875
0 0.49755859375 0.43896484375 0.029296875 0.0830078125
