0 0.35205078125 0.4384765625 0.009765625 0.048828125
0 0.341064453125 0.43798828125 0.00927734375 0.0478515625
0 0.17236328125 0.43896484375 0.017578125 0.0498046875
0 0.19091796875 0.4296875 0.0185546875 0.03125
0 0.38623046875 0.4423828125 0.0087890625 0.04296875
0 0.378662109375 0.4453125 0.02490234375 0.12109375
0 0.779052734375 0.42041015625 0.01806640625 0.0888671875
0 0.596923828125 0.42822265625 0.00927734375 0.0478515625
0 0.4912109375 0.435546875 0.0107421875 0.052734375
0 0.42822265625 0.44189453125 0.005859375 0.0322265625
0 0.6533203125 0.4228515625 0.0078125 0.041015625
0 0.552734375 0.4365234375 0.0234375 0.048828125
