0 0.42919921875 0.44677734375 0.017578125 0.0869140625
0 0.413330078125 0.4482421875 0.01611328125 0.080078125
0 0.4189453125 0.4501953125 0.0185546875 0.091796875
0 0.381103515625 0.44775390625 0.01806640625 0.0908203125
0 0.3427734375 0.44189453125 0.0185546875 0.0908203125
0 0.32568359375 0.4453125 0.0205078125 0.1015625
0 0.344970703125 0.44775390625 0.01806640625 0.0888671875
0 0.36572265625 0.44775390625 0.017578125 0.0888671875
0 0.35888671875 0.4560546875 0.015625 0.078125
0 0.973388671875 0.46337890625 0.05224609375 0.4873046875
0 0.357421875 0.419921875 0.013671875 0.0390625
0 0.389892578125 0.45166015625 0.02490234375 0.1025390625
0 0.4609375 0.43994140625 0.02734375 0.1083984375
0 0.49462890625 0.4384765625 0.021484375 0.10546875
