0 0.19580078125 0.498046875 0.0634765625 0.310546875
0 0.26220703125 0.48193359375 0.0654296875 0.3212890625
0 0.35400390625 0.36083984375 0.0048828125 0.0244140625
0 0.42431640625 0.41748046875 0.017578125 0.0849609375
0 0.41455078125 0.419921875 0.0166015625 0.08203125
0 0.89599609375 0.35595703125 0.017578125 0.0869140625
0 0.98046875 0.40087890625 0.03515625 0.1728515625
0 0.359619140625 0.38037109375 0.00732421875 0.0361328125
0 0.921875 0.32568359375 0.01171875 0.0576171875
0 0.36328125 0.35791015625 0.0087890625 0.0263671875
