0 0.659423828125 0.4384765625 0.01220703125 0.060546875
0 0.6474609375 0.4423828125 0.0107421875 0.052734375
0 0.651611328125 0.4443359375 0.00927734375 0.046875
0 0.6416015625 0.4443359375 0.0107421875 0.052734375
0 0.630859375 0.44189453125 0.0107421875 0.0537109375
0 0.431396484375 0.4375 0.01708984375 0.0859375
0 0.456787109375 0.4404296875 0.01611328125 0.080078125
0 0.45166015625 0.4443359375 0.017578125 0.0859375
0 0.486328125 0.439453125 0.0166015625 0.08203125
0 0.4716796875 0.4384765625 0.0185546875 0.09375
0 0.6083984375 0.45556640625 0.0283203125 0.1376953125
0 0.82470703125 0.458984375 0.021484375 0.10546875
