0 0.428955078125 0.44580078125 0.02099609375 0.1044921875
0 0.40478515625 0.44140625 0.0224609375 0.109375
0 0.384765625 0.435546875 0.0234375 0.115234375
0 0.42041015625 0.439453125 0.025390625 0.125
0 0.37646484375 0.4501953125 0.03125 0.154296875
0 0.398193359375 0.44091796875 0.02294921875 0.1123046875
0 0.353759765625 0.46533203125 0.02392578125 0.1181640625
0 0.32958984375 0.43603515625 0.0341796875 0.1669921875
0 0.3642578125 0.4404296875 0.0400390625 0.197265625
0 0.3193359375 0.4462890625 0.0341796875 0.16796875
0 0.455322265625 0.4248046875 0.01904296875 0.095703125
0 0.453369140625 0.44775390625 0.02197265625 0.1083984375
0 0.502685546875 0.40966796875 0.00927734375 0.0478515625
0 0.4951171875 0.40869140625 0.0107421875 0.0517578125
0 0.46484375 0.4345703125 0.0146484375 0.07421875
