0 0.599365234375 0.419921875 0.00634765625 0.033203125
0 0.616943359375 0.42822265625 0.00537109375 0.0263671875
0 0.6044921875 0.41845703125 0.0087890625 0.0439453125
0 0.6103515625 0.42236328125 0.0078125 0.0400390625
0 0.728271484375 0.39599609375 0.01513671875 0.0751953125
0 0.73583984375 0.39501953125 0.01953125 0.0966796875
0 0.71533203125 0.4013671875 0.013671875 0.06640625
0 0.723388671875 0.40673828125 0.01123046875 0.0556640625
0 0.58740234375 0.4248046875 0.0283203125 0.138671875
0 0.853271484375 0.423828125 0.05810546875 0.28515625
0 0.25537109375 0.41650390625 0.0107421875 0.0322265625
0 0.24658203125 0.416015625 0.0078125 0.025390625
0 0.25927734375 0.408203125 0.0068359375 0.01953125
0 0.26416015625 0.4140625 0.0107421875 0.04296875
0 0.269775390625 0.40478515625 0.00634765625 0.0126953125
0 0.3076171875 0.4169921875 0.0126953125 0.029296875
0 0.331787109375 0.41748046875 0.01611328125 0.0341796875
0 0.27490234375 0.4140625 0.0166015625 0.04296875
0 0.278564453125 0.41796875 0.02001953125 0.044921875
0 0.29248046875 0.41748046875 0.0224609375 0.0283203125
0 0.364501953125 0.41943359375 0.00537109375 0.0400390625
0 0.335205078125 0.42041015625 0.01123046875 0.0283203125
0 0.369140625 0.42578125 0.0078125 0.046875
0 0.40087890625 0.42333984375 0.0107421875 0.0400390625
0 0.352294921875 0.439453125 0.03076171875 0.15234375
0 0.385498046875 0.43701171875 0.03466796875 0.1708984375
