0 0.44482421875 0.43701171875 0.0146484375 0.0732421875
0 0.1455078125 0.4814453125 0.029296875 0.142578125
0 0.16455078125 0.47607421875 0.029296875 0.1455078125
0 0.207275390625 0.47021484375 0.02685546875 0.1337890625
0 0.2265625 0.46435546875 0.0283203125 0.1396484375
0 0.837890625 0.39794921875 0.0185546875 0.0927734375
0 0.778564453125 0.4189453125 0.02490234375 0.123046875
0 0.737060546875 0.4208984375 0.02587890625 0.12890625
0 0.908935546875 0.44677734375 0.05322265625 0.2607421875
0 0.952880859375 0.42626953125 0.06103515625 0.2998046875
0 0.87744140625 0.4453125 0.0556640625 0.2734375
0 0.22509765625 0.48486328125 0.0146484375 0.0712890625
0 0.257080078125 0.45458984375 0.02001953125 0.0986328125
0 0.4140625 0.43408203125 0.03125 0.0537109375
0 0.462890625 0.40283203125 0.01171875 0.0185546875
