0 0.345458984375 0.4658203125 0.01318359375 0.06640625
0 0.3310546875 0.46240234375 0.0146484375 0.0732421875
0 0.267578125 0.462890625 0.01171875 0.05859375
0 0.298095703125 0.46337890625 0.01708984375 0.0869140625
0 0.306640625 0.466796875 0.015625 0.078125
0 0.23291015625 0.4482421875 0.033203125 0.166015625
0 0.0859375 0.50390625 0.0478515625 0.234375
0 0.131591796875 0.494140625 0.05224609375 0.255859375
0 0.28271484375 0.45361328125 0.02734375 0.1337890625
0 0.249755859375 0.4609375 0.03662109375 0.1796875
0 0.443603515625 0.44580078125 0.00927734375 0.0478515625
0 0.51904296875 0.44775390625 0.01171875 0.0576171875
0 0.49755859375 0.4482421875 0.0234375 0.11328125
0 0.54248046875 0.44482421875 0.01171875 0.0576171875
0 0.52978515625 0.45068359375 0.01171875 0.0576171875
0 0.750732421875 0.4404296875 0.01904296875 0.095703125
0 0.73681640625 0.4443359375 0.0224609375 0.111328125
0 0.983642578125 0.4755859375 0.03173828125 0.310546875
