0 0.618408203125 0.43212890625 0.01416015625 0.0498046875
0 0.468505859375 0.4306640625 0.00830078125 0.04296875
0 0.46484375 0.42822265625 0.009765625 0.0498046875
0 0.477294921875 0.43212890625 0.00927734375 0.0458984375
0 0.45849609375 0.43017578125 0.0126953125 0.0634765625
0 0.689208984375 0.4345703125 0.02099609375 0.103515625
0 0.704345703125 0.43408203125 0.01904296875 0.0927734375
0 0.7177734375 0.42822265625 0.0224609375 0.1103515625
0 0.806396484375 0.42236328125 0.01513671875 0.0849609375
0 0.236083984375 0.4248046875 0.01904296875 0.09375
