0 0.56982421875 0.43701171875 0.005859375 0.0302734375
0 0.5732421875 0.43359375 0.005859375 0.029296875
0 0.576171875 0.43359375 0.005859375 0.03125
0 0.599609375 0.43505859375 0.005859375 0.0302734375
0 0.592529296875 0.4345703125 0.00537109375 0.02734375
0 0.5869140625 0.43408203125 0.005859375 0.0302734375
0 0.689453125 0.4384765625 0.0107421875 0.0546875
0 0.824951171875 0.42333984375 0.02978515625 0.1455078125
0 0.517578125 0.4326171875 0.0029296875 0.015625
0 0.454833984375 0.43896484375 0.00341796875 0.0185546875
0 0.450927734375 0.435546875 0.00634765625 0.03125
0 0.428466796875 0.43798828125 0.00634765625 0.0322265625
0 0.4208984375 0.44140625 0.005859375 0.03125
0 0.407958984375 0.44189453125 0.00537109375 0.0263671875
0 0.398193359375 0.43798828125 0.00634765625 0.0322265625
0 0.392333984375 0.44091796875 0.00634765625 0.0322265625
0 0.94677734375 0.4443359375 0.05078125 0.248046875
