0 0.336181640625 0.42138671875 0.01611328125 0.0791015625
0 0.3232421875 0.42919921875 0.017578125 0.0869140625
0 0.371337890625 0.3544921875 0.00634765625 0.033203125
0 0.37744140625 0.35986328125 0.0068359375 0.0341796875
0 0.38427734375 0.35791015625 0.0068359375 0.0322265625
0 0.402587890625 0.353515625 0.00732421875 0.037109375
0 0.41357421875 0.35498046875 0.0068359375 0.0361328125
0 0.4072265625 0.35498046875 0.0068359375 0.0361328125
0 0.3984375 0.3720703125 0.0126953125 0.0625
0 0.433837890625 0.34765625 0.01025390625 0.05078125
0 0.4404296875 0.349609375 0.0087890625 0.044921875
0 0.447021484375 0.34521484375 0.00927734375 0.0458984375
0 0.458251953125 0.3466796875 0.00830078125 0.041015625
0 0.462890625 0.3466796875 0.009765625 0.048828125
0 0.474609375 0.349609375 0.009765625 0.048828125
0 0.497802734375 0.35400390625 0.00927734375 0.0478515625
0 0.53125 0.3564453125 0.0087890625 0.04296875
0 0.541259765625 0.3603515625 0.01025390625 0.05078125
0 0.571044921875 0.353515625 0.01123046875 0.0546875
0 0.566162109375 0.357421875 0.00927734375 0.046875
0 0.58984375 0.34912109375 0.009765625 0.0478515625
0 0.5732421875 0.3759765625 0.01171875 0.05859375
0 0.58251953125 0.37939453125 0.013671875 0.0673828125
0 0.596435546875 0.38330078125 0.01513671875 0.0751953125
0 0.618896484375 0.380859375 0.01318359375 0.06640625
0 0.625 0.3740234375 0.0146484375 0.072265625
0 0.622314453125 0.408203125 0.01708984375 0.0859375
0 0.636962890625 0.40966796875 0.01806640625 0.0888671875
0 0.54052734375 0.41455078125 0.01953125 0.0966796875
0 0.54150390625 0.4287109375 0.015625 0.078125
0 0.68310546875 0.39208984375 0.0146484375 0.0712890625
0 0.675537109375 0.41162109375 0.02099609375 0.1044921875
0 0.67041015625 0.43017578125 0.013671875 0.0673828125
0 0.65283203125 0.41796875 0.0224609375 0.109375
0 0.70263671875 0.40087890625 0.01953125 0.0966796875
0 0.718994140625 0.4072265625 0.02197265625 0.109375
0 0.698974609375 0.42529296875 0.02685546875 0.1318359375
0 0.712890625 0.42236328125 0.0302734375 0.1474609375
0 0.75048828125 0.41259765625 0.0234375 0.1181640625
0 0.761474609375 0.419921875 0.02978515625 0.146484375
0 0.773193359375 0.48779296875 0.05712890625 0.2822265625
0 0.74267578125 0.49951171875 0.0546875 0.2666015625
0 0.78369140625 0.50341796875 0.060546875 0.2958984375
0 0.884033203125 0.4638671875 0.03564453125 0.173828125
0 0.890380859375 0.4677734375 0.04345703125 0.21484375
0 0.8466796875 0.46630859375 0.0458984375 0.2236328125
0 0.358642578125 0.3466796875 0.01904296875 0.033203125
0 0.537353515625 0.33984375 0.00244140625 0.013671875
0 0.547607421875 0.34912109375 0.01611328125 0.0419921875
