0 0.55078125 0.42919921875 0.005859375 0.0302734375
0 0.63134765625 0.4267578125 0.005859375 0.03125
0 0.62451171875 0.42626953125 0.0068359375 0.0341796875
0 0.576904296875 0.423828125 0.00537109375 0.02734375
0 0.528564453125 0.42333984375 0.00634765625 0.0322265625
0 0.532470703125 0.42822265625 0.00537109375 0.0283203125
0 0.4150390625 0.4287109375 0.0068359375 0.033203125
0 0.358154296875 0.4365234375 0.00927734375 0.048828125
0 0.364501953125 0.43408203125 0.01123046875 0.0556640625
0 0.128173828125 0.4365234375 0.01806640625 0.087890625
0 0.64013671875 0.4287109375 0.0087890625 0.044921875
0 0.591796875 0.421875 0.0048828125 0.025390625
