0 0.4921875 0.431640625 0.0048828125 0.025390625
0 0.486328125 0.43017578125 0.005859375 0.0302734375
0 0.452880859375 0.42919921875 0.00830078125 0.0419921875
0 0.447998046875 0.43017578125 0.00830078125 0.0400390625
0 0.425537109375 0.4375 0.00927734375 0.0234375
0 0.414306640625 0.4306640625 0.00830078125 0.041015625
0 0.388427734375 0.4248046875 0.00927734375 0.048828125
0 0.26171875 0.41845703125 0.0166015625 0.0830078125
0 0.248046875 0.42529296875 0.013671875 0.0673828125
0 0.23388671875 0.4130859375 0.0166015625 0.083984375
0 0.558837890625 0.43603515625 0.00537109375 0.0283203125
0 0.554443359375 0.435546875 0.00732421875 0.037109375
0 0.63671875 0.44921875 0.0048828125 0.025390625
0 0.79638671875 0.501953125 0.041015625 0.203125
