0 0.57568359375 0.35302734375 0.0087890625 0.0439453125
0 0.58056640625 0.3544921875 0.0078125 0.041015625
0 0.56787109375 0.4150390625 0.01171875 0.05859375
0 0.578857421875 0.42822265625 0.01513671875 0.0751953125
0 0.614013671875 0.4033203125 0.01025390625 0.052734375
0 0.609375 0.43310546875 0.0224609375 0.1123046875
0 0.619384765625 0.43115234375 0.02587890625 0.1279296875
0 0.8544921875 0.45947265625 0.0537109375 0.2646484375
0 0.3505859375 0.4228515625 0.0078125 0.0390625
0 0.1767578125 0.45263671875 0.021484375 0.1064453125
0 0.1396484375 0.45166015625 0.021484375 0.1064453125
0 0.169677734375 0.45849609375 0.01904296875 0.0947265625
0 0.15087890625 0.453125 0.0234375 0.115234375
0 0.09326171875 0.4404296875 0.0185546875 0.09375
0 0.110107421875 0.43359375 0.02197265625 0.109375
0 0.099365234375 0.43798828125 0.02001953125 0.0986328125
0 0.113525390625 0.44384765625 0.01806640625 0.0888671875
0 0.108642578125 0.4443359375 0.02099609375 0.103515625
