0 0.578857421875 0.43212890625 0.00732421875 0.0361328125
0 0.574462890625 0.43212890625 0.00732421875 0.0361328125
0 0.58544921875 0.43212890625 0.0068359375 0.0341796875
0 0.626953125 0.431640625 0.009765625 0.046875
0 0.608154296875 0.46630859375 0.04833984375 0.2373046875
0 0.44189453125 0.43408203125 0.005859375 0.0302734375
0 0.427734375 0.4384765625 0.005859375 0.03125
0 0.398193359375 0.443359375 0.00537109375 0.02734375
0 0.40380859375 0.4365234375 0.0078125 0.0390625
0 0.46484375 0.4375 0.0078125 0.041015625
0 0.38916015625 0.4375 0.0068359375 0.037109375
0 0.37744140625 0.43798828125 0.0078125 0.0400390625
0 0.313720703125 0.44482421875 0.01025390625 0.0498046875
0 0.30126953125 0.4453125 0.009765625 0.048828125
0 0.218017578125 0.44970703125 0.01513671875 0.0771484375
0 0.722900390625 0.47265625 0.05419921875 0.265625
0 0.54541015625 0.42919921875 0.0029296875 0.0166015625
0 0.554443359375 0.43017578125 0.00439453125 0.0224609375
