0 0.361572265625 0.4853515625 0.00537109375 0.02734375
0 0.368408203125 0.4853515625 0.00537109375 0.02734375
0 0.373291015625 0.4892578125 0.00341796875 0.01953125
0 0.378662109375 0.48388671875 0.00634765625 0.0322265625
0 0.38720703125 0.484375 0.005859375 0.029296875
0 0.393798828125 0.48486328125 0.00537109375 0.0263671875
0 0.39990234375 0.48486328125 0.0048828125 0.0244140625
0 0.41162109375 0.48779296875 0.00390625 0.0224609375
0 0.431640625 0.48828125 0.0048828125 0.02734375
0 0.451416015625 0.4892578125 0.00537109375 0.02734375
0 0.46435546875 0.4892578125 0.005859375 0.029296875
0 0.350830078125 0.47998046875 0.00634765625 0.0341796875
0 0.332763671875 0.47705078125 0.00537109375 0.0283203125
0 0.385986328125 0.56298828125 0.00634765625 0.0322265625
0 0.34375 0.5283203125 0.0146484375 0.072265625
0 0.3564453125 0.5341796875 0.013671875 0.068359375
0 0.299072265625 0.5146484375 0.01611328125 0.080078125
0 0.29052734375 0.51611328125 0.0185546875 0.0908203125
0 0.2822265625 0.5185546875 0.017578125 0.087890625
0 0.27197265625 0.513671875 0.0185546875 0.091796875
0 0.32666015625 0.52587890625 0.0146484375 0.0751953125
0 0.338134765625 0.525390625 0.01611328125 0.078125
0 0.314208984375 0.513671875 0.01904296875 0.09375
0 0.306396484375 0.5126953125 0.02001953125 0.099609375
0 0.12451171875 0.46142578125 0.0439453125 0.2177734375
0 0.111083984375 0.47119140625 0.04736328125 0.2314453125
0 0.108154296875 0.47900390625 0.05615234375 0.2763671875
0 0.059814453125 0.44775390625 0.05126953125 0.2509765625
0 0.018798828125 0.47509765625 0.03759765625 0.2802734375
0 0.47021484375 0.54345703125 0.009765625 0.0498046875
0 0.478515625 0.5400390625 0.0107421875 0.0546875
0 0.462890625 0.53955078125 0.01171875 0.0595703125
0 0.443359375 0.521484375 0.01953125 0.095703125
0 0.48486328125 0.5341796875 0.0126953125 0.0625
0 0.49365234375 0.53173828125 0.0126953125 0.0634765625
0 0.4814453125 0.53125 0.0146484375 0.07421875
0 0.510498046875 0.52392578125 0.01708984375 0.0849609375
0 0.5146484375 0.5234375 0.017578125 0.087890625
0 0.541748046875 0.51171875 0.02294921875 0.111328125
0 0.53759765625 0.49853515625 0.029296875 0.1435546875
0 0.52587890625 0.5009765625 0.029296875 0.14453125
0 0.58935546875 0.49365234375 0.03125 0.1552734375
0 0.852783203125 0.5 0.04541015625 0.22265625
0 0.715576171875 0.49755859375 0.07275390625 0.3544921875
