0 0.87255859375 0.47216796875 0.0458984375 0.2255859375
0 0.916015625 0.470703125 0.044921875 0.21875
0 0.447998046875 0.47265625 0.01220703125 0.060546875
0 0.407470703125 0.48046875 0.01220703125 0.060546875
0 0.129638671875 0.5 0.01123046875 0.056640625
0 0.122314453125 0.484375 0.02197265625 0.109375
0 0.114990234375 0.48486328125 0.02294921875 0.1142578125
0 0.096435546875 0.48828125 0.02294921875 0.115234375
0 0.2314453125 0.4892578125 0.01953125 0.05078125
0 0.236572265625 0.48095703125 0.01513671875 0.0751953125
0 0.61865234375 0.4541015625 0.0234375 0.115234375
0 0.578125 0.4755859375 0.0556640625 0.2734375
0 0.570068359375 0.49853515625 0.06494140625 0.3193359375
