0 0.1083984375 0.42822265625 0.0166015625 0.0849609375
0 0.12744140625 0.42822265625 0.01953125 0.0966796875
0 0.11474609375 0.43115234375 0.017578125 0.0869140625
0 0.146240234375 0.4296875 0.01806640625 0.087890625
0 0.164306640625 0.4248046875 0.01904296875 0.095703125
0 0.011474609375 0.447265625 0.02294921875 0.140625
0 0.05078125 0.43994140625 0.0341796875 0.1669921875
0 0.0908203125 0.43359375 0.03515625 0.171875
0 0.07958984375 0.427734375 0.0390625 0.19140625
0 0.061279296875 0.4228515625 0.04150390625 0.205078125
0 0.248291015625 0.43310546875 0.02099609375 0.1025390625
0 0.425537109375 0.4462890625 0.02197265625 0.107421875
0 0.432861328125 0.4501953125 0.02099609375 0.10546875
0 0.953369140625 0.4833984375 0.01416015625 0.072265625
0 0.974365234375 0.48095703125 0.01416015625 0.0712890625
0 0.93212890625 0.48828125 0.017578125 0.08984375
0 0.906982421875 0.474609375 0.02392578125 0.1171875
0 0.32275390625 0.44775390625 0.0185546875 0.0927734375
0 0.335693359375 0.44091796875 0.02099609375 0.1044921875
0 0.354248046875 0.44580078125 0.02392578125 0.1181640625
