0 0.468994140625 0.42724609375 0.00634765625 0.0322265625
0 0.464599609375 0.4208984375 0.00830078125 0.041015625
0 0.45703125 0.421875 0.0078125 0.0390625
0 0.446533203125 0.42431640625 0.00732421875 0.0361328125
0 0.43701171875 0.427734375 0.0087890625 0.044921875
0 0.490478515625 0.44482421875 0.02880859375 0.1416015625
0 0.567626953125 0.4248046875 0.00537109375 0.02734375
0 0.57275390625 0.42626953125 0.0048828125 0.0263671875
0 0.58251953125 0.42431640625 0.0048828125 0.0244140625
0 0.587890625 0.42626953125 0.005859375 0.0302734375
0 0.60205078125 0.4267578125 0.005859375 0.03125
0 0.60546875 0.42724609375 0.0068359375 0.0341796875
0 0.5947265625 0.43017578125 0.0087890625 0.0439453125
0 0.618896484375 0.42919921875 0.00927734375 0.0458984375
0 0.61962890625 0.43359375 0.009765625 0.048828125
0 0.6123046875 0.4326171875 0.009765625 0.05078125
0 0.62890625 0.43017578125 0.0126953125 0.0654296875
0 0.646484375 0.435546875 0.013671875 0.068359375
0 0.66357421875 0.4267578125 0.0126953125 0.064453125
0 0.678955078125 0.42578125 0.01123046875 0.056640625
0 0.656494140625 0.43359375 0.01513671875 0.07421875
0 0.671142578125 0.431640625 0.01220703125 0.060546875
0 0.68359375 0.42919921875 0.015625 0.0791015625
0 0.67431640625 0.43994140625 0.0185546875 0.0908203125
0 0.7021484375 0.43115234375 0.0185546875 0.0927734375
0 0.7216796875 0.4345703125 0.0146484375 0.072265625
0 0.7255859375 0.427734375 0.0224609375 0.111328125
0 0.7451171875 0.42529296875 0.0205078125 0.1025390625
0 0.752685546875 0.43310546875 0.02001953125 0.1005859375
0 0.887451171875 0.43408203125 0.03662109375 0.1787109375
0 0.977294921875 0.4384765625 0.04443359375 0.21875
0 0.9365234375 0.44140625 0.04296875 0.2109375
0 0.3798828125 0.4267578125 0.0107421875 0.0546875
0 0.41552734375 0.42822265625 0.0068359375 0.0341796875
0 0.320068359375 0.431640625 0.01416015625 0.0703125
0 0.306396484375 0.42578125 0.01416015625 0.0703125
0 0.2939453125 0.42333984375 0.013671875 0.0693359375
0 0.24560546875 0.42822265625 0.0146484375 0.0712890625
0 0.22705078125 0.427734375 0.0146484375 0.072265625
0 0.188232421875 0.42138671875 0.01904296875 0.0927734375
0 0.12939453125 0.4375 0.021484375 0.10546875
0 0.04541015625 0.43310546875 0.0244140625 0.1201171875
0 0.011474609375 0.43115234375 0.02294921875 0.1201171875
0 0.34521484375 0.45068359375 0.03125 0.1533203125
