0 0.236572265625 0.4111328125 0.00537109375 0.02734375
0 0.100341796875 0.4345703125 0.03173828125 0.15625
0 0.39453125 0.4296875 0.0224609375 0.109375
0 0.39599609375 0.43505859375 0.01953125 0.0966796875
0 0.402587890625 0.4326171875 0.02099609375 0.103515625
0 0.41748046875 0.4326171875 0.0224609375 0.111328125
0 0.511474609375 0.40966796875 0.01611328125 0.0791015625
0 0.29931640625 0.435546875 0.021484375 0.107421875
0 0.343017578125 0.439453125 0.02099609375 0.103515625
0 0.38330078125 0.41943359375 0.0166015625 0.0810546875
