0 0.531005859375 0.43701171875 0.01513671875 0.0751953125
0 0.562255859375 0.44580078125 0.01416015625 0.0712890625
0 0.551513671875 0.4443359375 0.01513671875 0.07421875
0 0.57568359375 0.44091796875 0.015625 0.0751953125
0 0.495849609375 0.439453125 0.01123046875 0.056640625
0 0.50439453125 0.43505859375 0.013671875 0.0673828125
0 0.443603515625 0.4482421875 0.02294921875 0.11328125
0 0.423583984375 0.44189453125 0.02587890625 0.1279296875
0 0.395751953125 0.4462890625 0.02490234375 0.12109375
0 0.32666015625 0.46923828125 0.0517578125 0.2529296875
0 0.247802734375 0.46044921875 0.05615234375 0.2763671875
0 0.88134765625 0.45556640625 0.03125 0.1533203125
0 0.598876953125 0.43798828125 0.01025390625 0.0517578125
0 0.6015625 0.447265625 0.0087890625 0.044921875
0 0.595703125 0.44921875 0.0107421875 0.0546875
0 0.60986328125 0.435546875 0.0126953125 0.060546875
