0 0.373779296875 0.470703125 0.00146484375 0.009765625
0 0.60400390625 0.4697265625 0.0078125 0.041015625
0 0.60888671875 0.46923828125 0.0087890625 0.0439453125
0 0.68017578125 0.4580078125 0.0126953125 0.0625
0 0.6943359375 0.45068359375 0.0146484375 0.0732421875
0 0.71142578125 0.4345703125 0.021484375 0.10546875
0 0.75634765625 0.43408203125 0.01953125 0.0966796875
0 0.760986328125 0.43310546875 0.01904296875 0.0947265625
0 0.28955078125 0.48193359375 0.0078125 0.0380859375
0 0.283203125 0.48046875 0.0078125 0.0390625
0 0.256103515625 0.48291015625 0.00732421875 0.0380859375
0 0.242919921875 0.46826171875 0.01318359375 0.0634765625
0 0.2294921875 0.46630859375 0.0146484375 0.0712890625
0 0.12841796875 0.45654296875 0.01953125 0.0986328125
0 0.113525390625 0.46142578125 0.02001953125 0.0986328125
0 0.092529296875 0.4560546875 0.02294921875 0.115234375
0 0.13330078125 0.45361328125 0.0234375 0.1142578125
0 0.565673828125 0.47216796875 0.00927734375 0.0478515625
0 0.57275390625 0.46728515625 0.0068359375 0.0361328125
0 0.60888671875 0.46728515625 0.0068359375 0.0361328125
0 0.2666015625 0.45068359375 0.0146484375 0.0732421875
0 0.194091796875 0.44140625 0.02294921875 0.11328125
0 0.1552734375 0.45166015625 0.0224609375 0.1103515625
