0 0.094970703125 0.4755859375 0.02294921875 0.115234375
0 0.127197265625 0.4794921875 0.02392578125 0.1171875
0 0.2041015625 0.4716796875 0.0234375 0.115234375
0 0.18408203125 0.47705078125 0.0224609375 0.1123046875
0 0.166748046875 0.47998046875 0.02197265625 0.1083984375
0 0.150390625 0.47412109375 0.0244140625 0.1201171875
0 0.7138671875 0.43994140625 0.017578125 0.0869140625
0 0.73974609375 0.482421875 0.0546875 0.267578125
0 0.729736328125 0.4736328125 0.06201171875 0.3046875
0 0.985595703125 0.44873046875 0.02783203125 0.2275390625
0 0.9658203125 0.42236328125 0.0185546875 0.0947265625
0 0.8076171875 0.4296875 0.017578125 0.08984375
0 0.592529296875 0.4404296875 0.04541015625 0.224609375
0 0.350830078125 0.45751953125 0.04443359375 0.2177734375
0 0.785400390625 0.4404296875 0.03564453125 0.095703125
0 0.807373046875 0.48095703125 0.01611328125 0.0185546875
