0 0.575927734375 0.44287109375 0.00927734375 0.0458984375
0 0.55615234375 0.4423828125 0.009765625 0.048828125
0 0.535400390625 0.4404296875 0.01025390625 0.052734375
0 0.54736328125 0.4384765625 0.01171875 0.05859375
0 0.59619140625 0.43896484375 0.01171875 0.0576171875
0 0.603515625 0.43505859375 0.0126953125 0.0634765625
0 0.638916015625 0.4423828125 0.00927734375 0.046875
0 0.63134765625 0.43701171875 0.013671875 0.0673828125
0 0.62353515625 0.43701171875 0.013671875 0.0673828125
0 0.318603515625 0.44091796875 0.03076171875 0.1533203125
0 0.170166015625 0.4345703125 0.02099609375 0.083984375
0 0.157470703125 0.45703125 0.03076171875 0.140625
0 0.19384765625 0.46826171875 0.029296875 0.1572265625
0 0.235595703125 0.43798828125 0.02880859375 0.1416015625
0 0.249755859375 0.43701171875 0.02880859375 0.1435546875
0 0.26416015625 0.4443359375 0.041015625 0.08203125
0 0.2236328125 0.46337890625 0.0458984375 0.0654296875
0 0.048583984375 0.4921875 0.03369140625 0.189453125
0 0.019775390625 0.49658203125 0.03955078125 0.3330078125
0 0.8369140625 0.4326171875 0.01953125 0.09765625
