0 0.7548828125 0.4716796875 0.015625 0.078125
0 0.746337890625 0.46923828125 0.01708984375 0.0830078125
0 0.344970703125 0.4462890625 0.00439453125 0.0234375
0 0.304931640625 0.4599609375 0.00927734375 0.044921875
0 0.297119140625 0.4580078125 0.00927734375 0.044921875
0 0.2705078125 0.45703125 0.01171875 0.05859375
0 0.25927734375 0.4580078125 0.0107421875 0.0546875
0 0.21044921875 0.46337890625 0.013671875 0.0673828125
0 0.37158203125 0.462890625 0.01953125 0.095703125
0 0.684814453125 0.48583984375 0.04150390625 0.2041015625
0 0.556640625 0.4501953125 0.0341796875 0.0625
