0 0.248291015625 0.45849609375 0.01123046875 0.0556640625
0 0.253662109375 0.45849609375 0.01123046875 0.0556640625
0 0.229736328125 0.4619140625 0.01220703125 0.060546875
0 0.92724609375 0.44091796875 0.02734375 0.1357421875
0 0.9599609375 0.43701171875 0.0263671875 0.1298828125
0 0.98486328125 0.4375 0.0263671875 0.130859375
0 0.349853515625 0.45849609375 0.00634765625 0.0341796875
0 0.359619140625 0.45849609375 0.00634765625 0.0322265625
0 0.591796875 0.4365234375 0.0068359375 0.03515625
0 0.598388671875 0.43408203125 0.00830078125 0.0439453125
0 0.70068359375 0.44482421875 0.0185546875 0.0908203125
0 0.637451171875 0.4404296875 0.01123046875 0.056640625
0 0.6474609375 0.43896484375 0.009765625 0.0498046875
0 0.669189453125 0.4365234375 0.01220703125 0.060546875
0 0.67822265625 0.4345703125 0.0146484375 0.072265625
0 0.680908203125 0.4482421875 0.01904296875 0.09375
0 0.3818359375 0.45751953125 0.005859375 0.0283203125
0 0.32958984375 0.45361328125 0.0087890625 0.0458984375
