0 0.249755859375 0.42333984375 0.02197265625 0.1083984375
0 0.279541015625 0.41259765625 0.01611328125 0.0791015625
0 0.61181640625 0.42919921875 0.0166015625 0.0810546875
0 0.36328125 0.40283203125 0.0087890625 0.0458984375
0 0.240966796875 0.41357421875 0.02294921875 0.1142578125
0 0.552490234375 0.41455078125 0.00830078125 0.0419921875
0 0.182373046875 0.4267578125 0.02001953125 0.09765625
0 0.298583984375 0.396484375 0.02490234375 0.080078125
0 0.382080078125 0.40869140625 0.01806640625 0.0517578125
0 0.60986328125 0.3994140625 0.013671875 0.025390625
0 0.626953125 0.4208984375 0.01953125 0.076171875
