0 0.22412109375 0.44384765625 0.0107421875 0.0537109375
0 0.340576171875 0.4423828125 0.00732421875 0.037109375
0 0.33203125 0.44091796875 0.0087890625 0.0419921875
0 0.374267578125 0.44140625 0.00732421875 0.037109375
0 0.371826171875 0.43994140625 0.00830078125 0.0419921875
0 0.5634765625 0.43408203125 0.0068359375 0.0341796875
0 0.756591796875 0.4296875 0.00927734375 0.044921875
0 0.743408203125 0.43408203125 0.00634765625 0.0341796875
0 0.692138671875 0.42822265625 0.00830078125 0.0419921875
0 0.658203125 0.4248046875 0.005859375 0.029296875
