0 0.1689453125 0.4638671875 0.00390625 0.021484375
0 0.175537109375 0.4609375 0.00439453125 0.0234375
0 0.60693359375 0.43603515625 0.0166015625 0.0810546875
0 0.593994140625 0.43310546875 0.01806640625 0.0888671875
0 0.288330078125 0.474609375 0.02685546875 0.1328125
0 0.440185546875 0.466796875 0.02685546875 0.1328125
0 0.5234375 0.45849609375 0.029296875 0.1435546875
0 0.711669921875 0.4287109375 0.02001953125 0.099609375
0 0.896240234375 0.41552734375 0.01708984375 0.0869140625
0 0.080810546875 0.48291015625 0.00830078125 0.0419921875
