0 0.607177734375 0.43408203125 0.01123046875 0.0576171875
0 0.686767578125 0.5390625 0.09326171875 0.45703125
0 0.176513671875 0.45849609375 0.01513671875 0.0771484375
0 0.142578125 0.4638671875 0.0126953125 0.064453125
0 0.152099609375 0.47509765625 0.02197265625 0.0556640625
0 0.14501953125 0.4736328125 0.025390625 0.064453125
0 0.12158203125 0.47265625 0.01171875 0.05859375
0 0.107421875 0.46630859375 0.0146484375 0.0732421875
0 0.423583984375 0.44384765625 0.02099609375 0.1044921875
0 0.418701171875 0.4443359375 0.02294921875 0.11328125
0 0.41064453125 0.43994140625 0.0263671875 0.1298828125
0 0.404052734375 0.45361328125 0.02490234375 0.1220703125
0 0.404541015625 0.4658203125 0.03662109375 0.109375
0 0.406982421875 0.47607421875 0.01806640625 0.0927734375
0 0.38720703125 0.45263671875 0.0244140625 0.1201171875
0 0.37841796875 0.51123046875 0.072265625 0.3544921875
0 0.55712890625 0.6279296875 0.0791015625 0.140625
0 0.216552734375 0.45361328125 0.01025390625 0.0517578125
0 0.229736328125 0.45947265625 0.01220703125 0.0615234375
0 0.51708984375 0.4404296875 0.01171875 0.056640625
0 0.56689453125 0.43994140625 0.013671875 0.0693359375
0 0.267333984375 0.453125 0.01025390625 0.05078125
0 0.2578125 0.45751953125 0.0126953125 0.0634765625
