0 0.933837890625 0.42919921875 0.02587890625 0.1259765625
0 0.073974609375 0.50048828125 0.07958984375 0.3896484375
0 0.0498046875 0.54736328125 0.099609375 0.5048828125
0 0.192626953125 0.513671875 0.05810546875 0.28515625
0 0.62744140625 0.44287109375 0.013671875 0.0693359375
0 0.62060546875 0.4404296875 0.015625 0.076171875
0 0.60400390625 0.43896484375 0.015625 0.0791015625
0 0.591796875 0.44580078125 0.0205078125 0.1025390625
0 0.511474609375 0.455078125 0.02392578125 0.119140625
0 0.560791015625 0.447265625 0.01904296875 0.095703125
