0 0.561767578125 0.44189453125 0.00830078125 0.0419921875
0 0.576904296875 0.4443359375 0.01318359375 0.064453125
0 0.567626953125 0.46435546875 0.00537109375 0.0283203125
0 0.5517578125 0.4443359375 0.005859375 0.029296875
0 0.478759765625 0.4453125 0.00537109375 0.029296875
0 0.412353515625 0.4443359375 0.00537109375 0.02734375
0 0.431640625 0.45263671875 0.01953125 0.0966796875
0 0.38818359375 0.4501953125 0.009765625 0.048828125
0 0.70068359375 0.4541015625 0.0185546875 0.091796875
0 0.302978515625 0.46435546875 0.01708984375 0.0849609375
0 0.289794921875 0.4619140625 0.01904296875 0.09375
0 0.277587890625 0.46435546875 0.01708984375 0.0830078125
