0 0.222412109375 0.4814453125 0.02197265625 0.109375
0 0.212890625 0.46826171875 0.0234375 0.1142578125
0 0.20361328125 0.482421875 0.0224609375 0.111328125
0 0.211669921875 0.4921875 0.01904296875 0.095703125
0 0.248779296875 0.4541015625 0.01611328125 0.078125
0 0.277099609375 0.4638671875 0.02392578125 0.119140625
0 0.287353515625 0.4521484375 0.01806640625 0.08984375
0 0.294921875 0.46337890625 0.0224609375 0.1123046875
0 0.310302734375 0.4609375 0.01904296875 0.091796875
0 0.3134765625 0.47412109375 0.01953125 0.0947265625
0 0.373046875 0.49072265625 0.0576171875 0.2822265625
0 0.353759765625 0.5107421875 0.05419921875 0.265625
0 0.423583984375 0.50244140625 0.05126953125 0.2509765625
0 0.54833984375 0.4619140625 0.0537109375 0.263671875
0 0.497802734375 0.47705078125 0.05908203125 0.2880859375
0 0.51416015625 0.5302734375 0.0341796875 0.169921875
0 0.58544921875 0.46240234375 0.0517578125 0.2529296875
0 0.56884765625 0.4716796875 0.0537109375 0.263671875
0 0.528564453125 0.45654296875 0.06982421875 0.3427734375
0 0.6494140625 0.47802734375 0.037109375 0.1826171875
0 0.648193359375 0.46484375 0.05029296875 0.24609375
0 0.2919921875 0.4658203125 0.0283203125 0.140625
0 0.2666015625 0.4892578125 0.041015625 0.201171875
