0 0.435546875 0.43359375 0.01171875 0.05859375
0 0.504150390625 0.42626953125 0.01611328125 0.0810546875
0 0.4990234375 0.43115234375 0.0146484375 0.0732421875
0 0.542236328125 0.43212890625 0.01513671875 0.0751953125
0 0.582275390625 0.43115234375 0.01416015625 0.0712890625
0 0.595947265625 0.42236328125 0.01513671875 0.0751953125
0 0.59814453125 0.42822265625 0.0146484375 0.0732421875
0 0.677001953125 0.43603515625 0.03076171875 0.1533203125
0 0.627685546875 0.447265625 0.03857421875 0.189453125
0 0.618896484375 0.45068359375 0.03955078125 0.1943359375
0 0.810546875 0.39404296875 0.0283203125 0.1396484375
0 0.8212890625 0.40771484375 0.029296875 0.1435546875
0 0.96337890625 0.4111328125 0.0419921875 0.205078125
