0 0.232177734375 0.3486328125 0.00537109375 0.02734375
0 0.23681640625 0.3486328125 0.005859375 0.029296875
0 0.243896484375 0.3486328125 0.00537109375 0.029296875
0 0.36474609375 0.361328125 0.0068359375 0.03515625
0 0.372802734375 0.36083984375 0.00732421875 0.0361328125
0 0.377197265625 0.35986328125 0.00830078125 0.0400390625
0 0.3828125 0.35888671875 0.0078125 0.0380859375
0 0.392333984375 0.36962890625 0.00537109375 0.0283203125
0 0.427734375 0.35546875 0.0078125 0.0390625
0 0.439697265625 0.35693359375 0.00732421875 0.0361328125
0 0.458251953125 0.36669921875 0.00537109375 0.0263671875
0 0.480712890625 0.36279296875 0.00537109375 0.0263671875
0 0.484619140625 0.3564453125 0.00537109375 0.029296875
0 0.5283203125 0.3525390625 0.0048828125 0.025390625
0 0.552734375 0.3525390625 0.0048828125 0.02734375
0 0.532958984375 0.470703125 0.00634765625 0.033203125
0 0.537353515625 0.47021484375 0.00732421875 0.0380859375
0 0.541015625 0.46923828125 0.0078125 0.0380859375
0 0.548828125 0.46923828125 0.0078125 0.0400390625
0 0.554931640625 0.46875 0.00732421875 0.037109375
0 0.583740234375 0.44482421875 0.01318359375 0.0673828125
0 0.592041015625 0.443359375 0.01416015625 0.0703125
0 0.57958984375 0.43896484375 0.015625 0.0771484375
0 0.570556640625 0.44189453125 0.01513671875 0.0751953125
0 0.657958984375 0.46484375 0.03662109375 0.1796875
0 0.780517578125 0.44970703125 0.05126953125 0.2529296875
0 0.79443359375 0.4501953125 0.0576171875 0.283203125
0 0.498779296875 0.46142578125 0.03466796875 0.1689453125
0 0.51513671875 0.45556640625 0.037109375 0.1806640625
0 0.437255859375 0.46826171875 0.01025390625 0.0517578125
0 0.33251953125 0.46533203125 0.0361328125 0.1767578125
0 0.355224609375 0.47412109375 0.03466796875 0.1708984375
0 0.2255859375 0.4736328125 0.041015625 0.201171875
0 0.21142578125 0.4912109375 0.0478515625 0.234375
0 0.2333984375 0.48974609375 0.0517578125 0.2529296875
0 0.172119140625 0.4990234375 0.04638671875 0.2265625
0 0.10693359375 0.5078125 0.072265625 0.353515625
0 0.034423828125 0.5087890625 0.06884765625 0.390625
0 0.104736328125 0.54833984375 0.07177734375 0.3525390625
0 0.02978515625 0.548828125 0.0595703125 0.369140625
0 0.405029296875 0.48046875 0.05908203125 0.2890625
0 0.19775390625 0.345703125 0.01171875 0.03125
0 0.56787109375 0.34716796875 0.015625 0.0205078125
