0 0.476806640625 0.4189453125 0.00244140625 0.013671875
0 0.401123046875 0.43603515625 0.01025390625 0.0498046875
0 0.3916015625 0.43359375 0.0107421875 0.0546875
0 0.377197265625 0.43701171875 0.01123046875 0.0576171875
0 0.380859375 0.4375 0.01171875 0.05859375
0 0.41943359375 0.43115234375 0.0107421875 0.0556640625
0 0.41259765625 0.4296875 0.01171875 0.05859375
0 0.464599609375 0.4287109375 0.01318359375 0.064453125
0 0.462890625 0.43359375 0.0107421875 0.0546875
0 0.4599609375 0.43212890625 0.01171875 0.0576171875
0 0.5126953125 0.4296875 0.01171875 0.05859375
0 0.507080078125 0.43017578125 0.01220703125 0.0595703125
0 0.5 0.4326171875 0.01171875 0.05859375
0 0.4912109375 0.43408203125 0.0107421875 0.0556640625
0 0.526611328125 0.4306640625 0.01123046875 0.056640625
0 0.531494140625 0.43017578125 0.01220703125 0.0595703125
0 0.53955078125 0.427734375 0.013671875 0.06640625
0 0.599609375 0.4296875 0.013671875 0.06640625
0 0.609375 0.43212890625 0.01171875 0.0595703125
