0 0.5791015625 0.4228515625 0.0078125 0.041015625
0 0.587890625 0.42578125 0.0068359375 0.03515625
0 0.59912109375 0.42138671875 0.0078125 0.0400390625
0 0.61474609375 0.42236328125 0.0126953125 0.0634765625
0 0.630126953125 0.421875 0.01220703125 0.0625
0 0.725341796875 0.43017578125 0.01708984375 0.0380859375
0 0.748291015625 0.42431640625 0.01025390625 0.0263671875
0 0.752197265625 0.4287109375 0.01123046875 0.0234375
0 0.737060546875 0.42919921875 0.01806640625 0.0244140625
0 0.837158203125 0.45263671875 0.04638671875 0.2255859375
0 0.34765625 0.43310546875 0.0078125 0.0400390625
0 0.126220703125 0.44873046875 0.01708984375 0.0849609375
0 0.110595703125 0.4443359375 0.01416015625 0.0703125
0 0.080078125 0.4501953125 0.0146484375 0.072265625
0 0.336669921875 0.4423828125 0.01123046875 0.056640625
0 0.303955078125 0.44140625 0.01123046875 0.056640625
0 0.56298828125 0.43505859375 0.0126953125 0.0654296875
