0 0.770263671875 0.4091796875 0.02294921875 0.11328125
0 0.73583984375 0.41650390625 0.0205078125 0.1025390625
0 0.702880859375 0.396484375 0.01025390625 0.05078125
0 0.7080078125 0.40087890625 0.013671875 0.0693359375
0 0.717041015625 0.4072265625 0.01611328125 0.080078125
0 0.720703125 0.41259765625 0.0126953125 0.0615234375
0 0.692626953125 0.39501953125 0.01416015625 0.0712890625
0 0.68115234375 0.40234375 0.0146484375 0.072265625
0 0.693115234375 0.443359375 0.02978515625 0.146484375
0 0.730224609375 0.4423828125 0.03857421875 0.189453125
0 0.651123046875 0.40625 0.01318359375 0.06640625
0 0.639892578125 0.40185546875 0.01416015625 0.0712890625
0 0.667236328125 0.44091796875 0.02392578125 0.1201171875
0 0.313232421875 0.42431640625 0.00830078125 0.0419921875
0 0.14453125 0.45263671875 0.0302734375 0.1494140625
0 0.19970703125 0.4658203125 0.0400390625 0.197265625
0 0.222900390625 0.46484375 0.03857421875 0.189453125
0 0.2158203125 0.46337890625 0.0439453125 0.2158203125
0 0.10791015625 0.4736328125 0.0458984375 0.224609375
0 0.24658203125 0.4599609375 0.0439453125 0.216796875
0 0.27392578125 0.4541015625 0.03125 0.154296875
