0 0.57763671875 0.46484375 0.0224609375 0.11328125
0 0.565185546875 0.4658203125 0.02294921875 0.115234375
0 0.53271484375 0.46728515625 0.0234375 0.1162109375
0 0.845947265625 0.46435546875 0.01904296875 0.0947265625
0 0.824462890625 0.4638671875 0.02099609375 0.10546875
0 0.71533203125 0.4560546875 0.02734375 0.134765625
0 0.738037109375 0.44482421875 0.02099609375 0.1025390625
0 0.7705078125 0.45068359375 0.01953125 0.0986328125
0 0.794189453125 0.44677734375 0.02001953125 0.0986328125
0 0.810546875 0.458984375 0.0263671875 0.130859375
0 0.776123046875 0.4501953125 0.02001953125 0.099609375
0 0.744384765625 0.4462890625 0.01904296875 0.095703125
0 0.74658203125 0.4599609375 0.021484375 0.10546875
0 0.50927734375 0.4609375 0.0224609375 0.111328125
0 0.515869140625 0.46923828125 0.02294921875 0.1123046875
0 0.367431640625 0.45458984375 0.01806640625 0.0888671875
0 0.3837890625 0.453125 0.0205078125 0.1015625
0 0.384765625 0.458984375 0.01953125 0.09765625
0 0.36083984375 0.45947265625 0.017578125 0.0869140625
0 0.337890625 0.45166015625 0.0205078125 0.1005859375
0 0.431884765625 0.46044921875 0.02392578125 0.1181640625
0 0.892333984375 0.46044921875 0.05615234375 0.1494140625
