0 0.93896484375 0.43212890625 0.0263671875 0.1318359375
0 0.9326171875 0.42431640625 0.0283203125 0.1396484375
0 0.957763671875 0.4306640625 0.02392578125 0.119140625
0 0.972412109375 0.4287109375 0.03564453125 0.173828125
0 0.658203125 0.40625 0.009765625 0.048828125
0 0.655029296875 0.40625 0.01025390625 0.05078125
0 0.668701171875 0.40771484375 0.01025390625 0.0498046875
0 0.67529296875 0.40966796875 0.009765625 0.0498046875
0 0.671875 0.40625 0.0107421875 0.052734375
0 0.705078125 0.3896484375 0.0048828125 0.025390625
0 0.700927734375 0.3955078125 0.00537109375 0.02734375
0 0.688720703125 0.40478515625 0.00830078125 0.0419921875
0 0.69140625 0.40234375 0.009765625 0.048828125
0 0.6337890625 0.4033203125 0.0087890625 0.044921875
0 0.857421875 0.515625 0.083984375 0.412109375
