0 0.196533203125 0.34716796875 0.00537109375 0.0263671875
0 0.2119140625 0.3466796875 0.0048828125 0.02734375
0 0.28515625 0.3525390625 0.0048828125 0.025390625
0 0.29150390625 0.35400390625 0.0029296875 0.0166015625
0 0.269287109375 0.359375 0.01318359375 0.06640625
0 0.26318359375 0.35693359375 0.0146484375 0.0732421875
0 0.2490234375 0.35498046875 0.0146484375 0.0712890625
0 0.275634765625 0.37939453125 0.02392578125 0.1181640625
0 0.087646484375 0.45556640625 0.05126953125 0.2490234375
0 0.300048828125 0.36279296875 0.00927734375 0.0478515625
0 0.386962890625 0.3671875 0.00830078125 0.04296875
0 0.41162109375 0.36328125 0.0126953125 0.064453125
0 0.429443359375 0.3544921875 0.01416015625 0.0703125
0 0.428955078125 0.359375 0.01318359375 0.06640625
0 0.4423828125 0.35888671875 0.015625 0.0771484375
0 0.454345703125 0.35546875 0.01611328125 0.080078125
0 0.5419921875 0.361328125 0.015625 0.076171875
0 0.724609375 0.373046875 0.0185546875 0.091796875
0 0.732666015625 0.3759765625 0.01806640625 0.08984375
0 0.943359375 0.37060546875 0.015625 0.0771484375
0 0.753662109375 0.41650390625 0.03466796875 0.1728515625
0 0.790771484375 0.40576171875 0.03955078125 0.1943359375
0 0.868408203125 0.47705078125 0.10791015625 0.5283203125
0 0.965576171875 0.48095703125 0.06787109375 0.4794921875
0 0.202392578125 0.408203125 0.02685546875 0.1328125
